{"park_low":{"A_inv":[[0.38004765471770857,0.30538164142159785,0.24943417868059214,0.0,0.0,0.0,-0.05663432755535593,-0.008502197624745397,0.0,0.0,-0.07209027060954151,0.006953745429440202,0.0,0.010289946507994677,0.0455661040286941,-0.09289812819953952,-0.06689979389575691,-0.05558231509738006,-0.03791966837568664,-0.06697120877845907],[0.30538164142159785,0.34316563543522677,0.2500987357335547,0.0,0.0,0.0,-0.04619000055011828,-0.055163986859502495,0.0,0.0,-0.05815032875053615,-0.0432036586590846,0.0,-0.023127240959578747,0.05025369303652145,0.057875521066377895,-0.08498296270906028,-0.04138679970330643,-0.06468366729930826,-0.09454203730907917],[0.24943417868059214,0.2500987357335547,0.4517558456328744,0.0,0.0,0.0,-0.02421018930990532,-0.02450105064307351,0.0,0.0,0.020483004440421965,-0.06919424439340074,0.0,-0.07170643385425038,-0.16887545711888588,-0.08382388034999359,-0.03729308645978678,-0.06644185540524036,0.0017453287491623441,-0.043299104661118075],[0.0,0.0,0.0,1.0,0.0,0.0,0.0,0.0,0.0,0.0,0.0,0.0,0.0,0.0,0.0,0.0,0.0,0.0,0.0,0.0],[0.0,0.0,0.0,0.0,1.0,0.0,0.0,0.0,0.0,0.0,0.0,0.0,0.0,0.0,0.0,0.0,0.0,0.0,0.0,0.0],[0.0,0.0,0.0,0.0,0.0,1.0,0.0,0.0,0.0,0.0,0.0,0.0,0.0,0.0,0.0,0.0,0.0,0.0,0.0,0.0],[-0.05663432755535593,-0.04619000055011828,-0.02421018930990532,0.0,0.0,0.0,0.48009003354227303,0.39287544904234756,0.0,0.0,-0.049991192735921265,-0.07704332467945833,0.0,0.017134681306050694,-0.042400665945688754,-0.07723231910026228,-0.09205243182293321,-0.09571510717153608,-0.06610047024786904,-0.11270741440129312],[-0.008502197624745397,-0.055163986859502495,-0.02450105064307351,0.0,0.0,0.0,0.39287544904234756,0.5189573158303313,0.0,0.0,-0.059766402183734496,-0.028400832943586814,0.0,-0.10167840961188504,-0.030654994107981563,-0.041614168382892884,-0.0971234112416707,-0.06769586303439097,-0.03475753667796342,-0.09210493634736336],[0.0,0.0,0.0,0.0,0.0,0.0,0.0,0.0,1.0,0.0,0.0,0.0,0.0,0.0,0.0,0.0,0.0,0.0,0.0,0.0],[0.0,0.0,0.0,0.0,0.0,0.0,0.0,0.0,0.0,1.0,0.0,0.0,0.0,0.0,0.0,0.0,0.0,0.0,0.0,0.0],[-0.07209027060954151,-0.05815032875053615,0.020483004440421965,0.0,0.0,0.0,-0.049991192735921265,-0.059766402183734496,0.0,0.0,0.4903122215878772,0.39993018349246695,0.0,-0.05353411953137285,-0.025159602939994453,-0.06544037873471992,-0.09070554925705174,-0.08138205351588618,-0.054880461978520825,-0.11756484774732409],[0.006953745429440202,-0.0432036586590846,-0.06919424439340074,0.0,0.0,0.0,-0.07704332467945833,-0.028400832943586814,0.0,0.0,0.39993018349246695,0.49462565888448745,0.0,-0.0310096087744615,-0.04789605711367587,-0.0534061087484352,-0.09847029380755214,-0.08202891669004088,-0.04597754494731169,-0.08724750300133229],[0.0,0.0,0.0,0.0,0.0,0.0,0.0,0.0,0.0,0.0,0.0,0.0,1.0,0.0,0.0,0.0,0.0,0.0,0.0,0.0],[0.010289946507994677,-0.023127240959578747,-0.07170643385425038,0.0,0.0,0.0,0.017134681306050694,-0.10167840961188504,0.0,0.0,-0.05353411953137285,-0.0310096087744615,0.0,0.8281749756685628,-0.04261229980194851,-0.04595774726059774,-0.03627136999621496,-0.055975478510176806,-0.05674614758365301,-0.07538249004703922],[0.0455661040286941,0.05025369303652145,-0.16887545711888588,0.0,0.0,0.0,-0.042400665945688754,-0.030654994107981563,0.0,0.0,-0.025159602939994453,-0.04789605711367587,0.0,-0.04261229980194851,0.847573051063734,0.013221094302409224,-0.06716962470090468,-0.036532734243463004,-0.039093102057078444,-0.06951959554253825],[-0.09289812819953952,0.057875521066377895,-0.08382388034999359,0.0,0.0,0.0,-0.07723231910026228,-0.041614168382892884,0.0,0.0,-0.06544037873471992,-0.0534061087484352,0.0,-0.04595774726059774,0.013221094302409224,0.8495423420196171,-0.10091343180200643,-0.1231438429814527,-0.03275887260247459,-0.11264125361359602],[-0.06689979389575691,-0.08498296270906028,-0.03729308645978678,0.0,0.0,0.0,-0.09205243182293321,-0.0971234112416707,0.0,0.0,-0.09070554925705174,-0.09847029380755214,0.0,-0.03627136999621496,-0.06716962470090468,-0.10091343180200643,0.7908143800705386,-0.1463531435197782,-0.13320922176984376,-0.19241916782763785],[-0.05558231509738006,-0.04138679970330643,-0.06644185540524036,0.0,0.0,0.0,-0.09571510717153608,-0.06769586303439097,0.0,0.0,-0.08138205351588618,-0.08202891669004088,0.0,-0.055975478510176806,-0.036532734243463004,-0.1231438429814527,-0.1463531435197782,0.8565415204431241,-0.038605189303443394,-0.1569767863982776],[-0.03791966837568664,-0.06468366729930826,0.0017453287491623441,0.0,0.0,0.0,-0.06610047024786904,-0.03475753667796342,0.0,0.0,-0.054880461978520825,-0.04597754494731169,0.0,-0.05674614758365301,-0.039093102057078444,-0.03275887260247459,-0.13320922176984376,-0.038605189303443394,0.6926094933366027,-0.1088144927348896],[-0.06697120877845907,-0.09454203730907917,-0.043299104661118075,0.0,0.0,0.0,-0.11270741440129312,-0.09210493634736336,0.0,0.0,-0.11756484774732409,-0.08724750300133229,0.0,-0.07538249004703922,-0.06951959554253825,-0.11264125361359602,-0.19241916782763785,-0.1569767863982776,-0.1088144927348896,0.8003520628364005]],"b":[73.98852000000004,16.450319999999998,7.083399999999999,0.0,0.0,0.0,93.10423999999999,4.418,0.0,0.0,86.06708,11.45516,0.0,31.902538666666665,26.4549,62.02288589599999,91.04557718799992,74.52382110800005,66.13454759600002,95.72530949199995],"n_updates":132},"park_medium":{"A_inv":[[0.7477503052826776,0.0,0.14459693537650414,0.0,0.0,0.0,-0.10765275934081839,0.0,0.0,0.0,-0.2522496947173225,0.14459693537650414,0.0,-0.0010581988842089107,0.009236044008921432,-0.06916892962380436,-0.09609474969937679,-0.0780282830016836,-0.05645179173410042,-0.10671535364826738],[0.0,1.0,0.0,0.0,0.0,0.0,0.0,0.0,0.0,0.0,0.0,0.0,0.0,0.0,0.0,0.0,0.0,0.0,0.0,0.0],[0.14459693537650414,0.0,0.7850229662245175,0.0,0.0,0.0,-0.07038009839897835,0.0,0.0,0.0,0.14459693537650414,-0.2149770337754825,0.0,-0.05160325651634971,-0.07133928304361521,-0.051200308842804805,-0.06301399190369703,-0.06109850529809955,-0.048055049890073115,-0.06258135418296872],[0.0,0.0,0.0,1.0,0.0,0.0,0.0,0.0,0.0,0.0,0.0,0.0,0.0,0.0,0.0,0.0,0.0,0.0,0.0,0.0],[0.0,0.0,0.0,0.0,1.0,0.0,0.0,0.0,0.0,0.0,0.0,0.0,0.0,0.0,0.0,0.0,0.0,0.0,0.0,0.0],[0.0,0.0,0.0,0.0,0.0,1.0,0.0,0.0,0.0,0.0,0.0,0.0,0.0,0.0,0.0,0.0,0.0,0.0,0.0,0.0],[-0.10765275934081839,0.0,-0.07038009839897835,0.0,0.0,0.0,0.8219671422602033,0.0,0.0,0.0,-0.10765275934081839,-0.07038009839897835,0.0,-0.05266145540055862,-0.06210323903469378,-0.12036923846660916,-0.1591087416030738,-0.13912678829978314,-0.10450684162417354,-0.1692967078312361],[0.0,0.0,0.0,0.0,0.0,0.0,0.0,1.0,0.0,0.0,0.0,0.0,0.0,0.0,0.0,0.0,0.0,0.0,0.0,0.0],[0.0,0.0,0.0,0.0,0.0,0.0,0.0,0.0,1.0,0.0,0.0,0.0,0.0,0.0,0.0,0.0,0.0,0.0,0.0,0.0],[0.0,0.0,0.0,0.0,0.0,0.0,0.0,0.0,0.0,1.0,0.0,0.0,0.0,0.0,0.0,0.0,0.0,0.0,0.0,0.0],[-0.2522496947173225,0.0,0.14459693537650414,0.0,0.0,0.0,-0.10765275934081839,0.0,0.0,0.0,0.7477503052826776,0.14459693537650414,0.0,-0.0010581988842089177,0.009236044008921439,-0.06916892962380433,-0.09609474969937679,-0.0780282830016836,-0.05645179173410041,-0.10671535364826736],[0.14459693537650414,0.0,-0.2149770337754825,0.0,0.0,0.0,-0.07038009839897835,0.0,0.0,0.0,0.14459693537650414,0.7850229662245175,0.0,-0.05160325651634971,-0.07133928304361521,-0.051200308842804805,-0.06301399190369703,-0.06109850529809955,-0.048055049890073115,-0.06258135418296872],[0.0,0.0,0.0,0.0,0.0,0.0,0.0,0.0,0.0,0.0,0.0,0.0,1.0,0.0,0.0,0.0,0.0,0.0,0.0,0.0],[-0.0010581988842089107,0.0,-0.05160325651634971,0.0,0.0,0.0,-0.05266145540055862,0.0,0.0,0.0,-0.0010581988842089177,-0.05160325651634971,0.0,0.9662044924678641,-0.026066177979227084,-0.03622914073773528,-0.04548440407069706,-0.042235304534418046,-0.032051213839724854,-0.05022093473403974],[0.009236044008921432,0.0,-0.07133928304361521,0.0,0.0,0.0,-0.06210323903469378,0.0,0.0,0.0,0.009236044008921439,-0.07133928304361521,0.0,-0.026066177979227084,0.9666393694804227,-0.04289238682735349,-0.055530683376692716,-0.05005632339947067,-0.03814047287856166,-0.05796951550355119],[-0.06916892962380436,0.0,-0.051200308842804805,0.0,0.0,0.0,-0.12036923846660916,0.0,0.0,0.0,-0.06916892962380433,-0.051200308842804805,0.0,-0.03622914073773528,-0.04289238682735349,0.9185476057469975,-0.10757313900950727,-0.09418258435544156,-0.07078810328942298,-0.11438064976079297],[-0.09609474969937679,0.0,-0.06301399190369703,0.0,0.0,0.0,-0.1591087416030738,0.0,0.0,0.0,-0.09609474969937679,-0.06301399190369703,0.0,-0.04548440407069706,-0.055530683376692716,-0.10757313900950727,0.857609561474141,-0.12433237512645921,-0.09339876610288486,-0.15119424859246738],[-0.0780282830016836,0.0,-0.06109850529809955,0.0,0.0,0.0,-0.13912678829978314,0.0,0.0,0.0,-0.0780282830016836,-0.06109850529809955,0.0,-0.042235304534418046,-0.05005632339947067,-0.09418258435544156,-0.12433237512645921,0.8910778034217799,-0.08188849575363058,-0.13216333064871036],[-0.05645179173410042,0.0,-0.048055049890073115,0.0,0.0,0.0,-0.10450684162417354,0.0,0.0,0.0,-0.05645179173410041,-0.048055049890073115,0.0,-0.032051213839724854,-0.03814047287856166,-0.07078810328942298,-0.09339876610288486,-0.08188849575363058,0.9384106821208462,-0.09922406343619924],[-0.10671535364826738,0.0,-0.06258135418296872,0.0,0.0,0.0,-0.1692967078312361,0.0,0.0,0.0,-0.10671535364826736,-0.06258135418296872,0.0,-0.05022093473403974,-0.05796951550355119,-0.11438064976079297,-0.15119424859246738,-0.13216333064871036,-0.09922406343619924,0.8388538672472061]],"b":[3.00652,0.0,0.74224,0.0,0.0,0.0,3.74876,0.0,0.0,0.0,3.00652,0.74224,0.0,1.0010053333333333,1.12275,2.520301952,3.348150336,2.905509488,2.1739410279999998,3.5828821879999997],"n_updates":5},"bookstore_medium":{"A_inv":[[0.5529474771797859,0.0,0.0,0.0,0.34326967691804966,0.0,-0.13336521244577348,0.0,0.02958236654360901,0.0,-0.10378284590216445,0.0,0.0,0.038562835260314496,0.05247611611806904,-0.03793932840307434,-0.10322215438416825,-0.07478605625400386,-0.08079373115786687,-0.10371242440209369],[0.0,1.0,0.0,0.0,0.0,0.0,0.0,0.0,0.0,0.0,0.0,0.0,0.0,0.0,0.0,0.0,0.0,0.0,0.0,0.0],[0.0,0.0,1.0,0.0,0.0,0.0,0.0,0.0,0.0,0.0,0.0,0.0,0.0,0.0,0.0,0.0,0.0,0.0,0.0,0.0],[0.0,0.0,0.0,1.0,0.0,0.0,0.0,0.0,0.0,0.0,0.0,0.0,0.0,0.0,0.0,0.0,0.0,0.0,0.0,0.0],[0.34326967691804966,0.0,0.0,0.0,0.5769965997060165,0.0,0.049343067294216225,0.0,-0.12907679067015015,0.0,-0.07973372337593396,0.0,0.0,-0.09763925321450741,-0.09341508324994188,-0.08388020255834022,-0.05423164057713001,-0.06640640900402806,-0.04442135974672554,-0.06943788200589622],[0.0,0.0,0.0,0.0,0.0,1.0,0.0,0.0,0.0,0.0,0.0,0.0,0.0,0.0,0.0,0.0,0.0,0.0,0.0,0.0],[-0.13336521244577348,0.0,0.0,0.0,0.049343067294216225,0.0,0.5730073424707643,0.0,0.34297051237767856,0.0,-0.08402214515155726,0.0,0.0,-0.0047200783071261725,-0.09441239755875488,-0.1286012964560275,-0.06114040778793112,-0.04517396433050615,-0.04777878660471266,-0.06942490972215748],[0.0,0.0,0.0,0.0,0.0,0.0,0.0,1.0,0.0,0.0,0.0,0.0,0.0,0.0,0.0,0.0,0.0,0.0,0.0,0.0],[0.02958236654360901,0.0,0.0,0.0,-0.12907679067015015,0.0,0.34297051237767856,0.0,0.5575350634957804,0.0,-0.09949442412654118,0.0,0.0,-0.054356339647066716,0.0534734304268821,0.006781765494612955,-0.09631338717336714,-0.09601850092752581,-0.0774363042998797,-0.10372539668583247],[0.0,0.0,0.0,0.0,0.0,0.0,0.0,0.0,0.0,1.0,0.0,0.0,0.0,0.0,0.0,0.0,0.0,0.0,0.0,0.0],[-0.10378284590216445,0.0,0.0,0.0,-0.07973372337593396,0.0,-0.08402214515155726,0.0,-0.09949442412654118,0.0,0.8164834307219018,0.0,0.0,-0.05907641795419288,-0.040938967131872804,-0.12181953096141457,-0.15745379496129827,-0.14119246525803195,-0.12521509090459249,-0.17315030640798995],[0.0,0.0,0.0,0.0,0.0,0.0,0.0,0.0,0.0,0.0,0.0,1.0,0.0,0.0,0.0,0.0,0.0,0.0,0.0,0.0],[0.0,0.0,0.0,0.0,0.0,0.0,0.0,0.0,0.0,0.0,0.0,0.0,1.0,0.0,0.0,0.0,0.0,0.0,0.0,0.0],[0.038562835260314496,0.0,0.0,0.0,-0.09763925321450741,0.0,-0.0047200783071261725,0.0,-0.054356339647066716,0.0,-0.05907641795419288,0.0,0.0,0.934802888123146,-0.025589832880408392,-0.11185652312737514,-0.04444994308962211,-0.05441703750986762,-0.027566465315665714,-0.05731471543157384],[0.05247611611806904,0.0,0.0,0.0,-0.09341508324994188,0.0,-0.09441239755875488,0.0,0.0534734304268821,0.0,-0.040938967131872804,0.0,0.0,-0.025589832880408392,0.9530431297978259,-0.05312037475359193,-0.028843012091265278,-0.02789509333363356,-0.023050036587859556,-0.0347156979320134],[-0.03793932840307434,0.0,0.0,0.0,-0.08388020255834022,0.0,-0.1286012964560275,0.0,0.006781765494612955,0.0,-0.12181953096141457,0.0,0.0,-0.11185652312737514,-0.05312037475359193,0.7567607139437158,-0.09363870477170169,-0.10682117508580506,-0.05448414881532938,-0.11776617975849582],[-0.10322215438416825,0.0,0.0,0.0,-0.05423164057713001,0.0,-0.06114040778793112,0.0,-0.09631338717336714,0.0,-0.15745379496129827,0.0,0.0,-0.04444994308962211,-0.028843012091265278,-0.09363870477170169,0.8564710778878517,-0.12370628102468278,-0.09828834105660822,-0.15186509727532055],[-0.07478605625400386,0.0,0.0,0.0,-0.06640640900402806,0.0,-0.04517396433050615,0.0,-0.09601850092752581,0.0,-0.14119246525803195,0.0,0.0,-0.05441703750986762,-0.02789509333363356,-0.10682117508580506,-0.12370628102468278,0.887314157260962,-0.08937487157958048,-0.1355360817501829],[-0.08079373115786687,0.0,0.0,0.0,-0.04442135974672554,0.0,-0.04777878660471266,0.0,-0.0774363042998797,0.0,-0.12521509090459249,0.0,0.0,-0.027566465315665714,-0.023050036587859556,-0.05448414881532938,-0.09828834105660822,-0.08937487157958048,0.866473797531595,-0.1130102219133178],[-0.10371242440209369,0.0,0.0,0.0,-0.06943788200589622,0.0,-0.06942490972215748,0.0,-0.10372539668583247,0.0,-0.17315030640798995,0.0,0.0,-0.05731471543157384,-0.0347156979320134,-0.11776617975849582,-0.15186509727532055,-0.1355360817501829,-0.1130102219133178,0.834760975880182]],"b":[11.548879999999999,0.0,0.0,0.0,9.92448,0.0,10.056479999999999,0.0,11.41688,0.0,21.47336,0.0,0.0,8.465496000000003,4.99524,17.419846444,18.313907947999997,16.893414912,14.347171448,20.390610904000006],"n_updates":26},"park_high":{"A_inv":[[0.4934820301035075,0.32673645618996444,0.09749214465937817,0.0,0.0,0.0,-0.09227793807494293,0.009988569027793054,0.0,0.0,-0.179781513706528,0.09749214465937817,0.0,-0.005598484087358212,0.0038006939030570588,-0.12060923170063843,-0.040769504185693,-0.07221372847606428,0.013560461309982088,-0.0698138015449988],[0.32673645618996444,0.49187371084673814,0.06608565711706059,0.0,0.0,0.0,-0.0331124987669747,-0.08219167707926213,0.0,0.0,-0.18138983296329744,0.06608565711706059,0.0,-0.05473081098785365,-0.012304629682294064,0.03954012545113461,-0.02961907064877584,-0.03587480620388635,-0.055638834034642766,-0.07932379489636908],[0.09749214465937817,0.06608565711706059,0.7765985153967755,0.0,0.0,0.0,-0.05173303899839926,-0.008090643828386396,0.0,0.0,0.16357780177643877,-0.2234014846032244,0.0,-0.0384176236071865,-0.07080629185750255,-0.04044009944828459,-0.06943111170870163,-0.04317721443357476,-0.08696979801528068,-0.059909964123134],[0.0,0.0,0.0,1.0,0.0,0.0,0.0,0.0,0.0,0.0,0.0,0.0,0.0,0.0,0.0,0.0,0.0,0.0,0.0,0.0],[0.0,0.0,0.0,0.0,1.0,0.0,0.0,0.0,0.0,0.0,0.0,0.0,0.0,0.0,0.0,0.0,0.0,0.0,0.0,0.0],[0.0,0.0,0.0,0.0,0.0,1.0,0.0,0.0,0.0,0.0,0.0,0.0,0.0,0.0,0.0,0.0,0.0,0.0,0.0,0.0],[-0.09227793807494293,-0.0331124987669747,-0.05173303899839926,0.0,0.0,0.0,0.5759883835323173,0.24688814062736592,0.0,0.0,-0.12539043684191759,-0.05173303899839926,0.0,-0.019449556337374347,-0.057214128709679055,-0.08605960265906884,-0.09058689931743766,-0.10731415564998768,-0.08954219072332867,-0.1395216413037736],[0.009988569027793054,-0.08219167707926213,-0.008090643828386396,0.0,0.0,0.0,0.24688814062736592,0.6728181074927787,0.0,0.0,-0.07220310805146919,-0.008090643828386396,0.0,-0.079297362345024,-0.022096098927060475,-0.03544960303871957,-0.04923278722573282,-0.043951593463537754,-0.039505980016612686,-0.06952591926072829],[0.0,0.0,0.0,0.0,0.0,0.0,0.0,0.0,1.0,0.0,0.0,0.0,0.0,0.0,0.0,0.0,0.0,0.0,0.0,0.0],[0.0,0.0,0.0,0.0,0.0,0.0,0.0,0.0,0.0,1.0,0.0,0.0,0.0,0.0,0.0,0.0,0.0,0.0,0.0,0.0],[-0.179781513706528,-0.18138983296329744,0.16357780177643877,0.0,0.0,0.0,-0.12539043684191759,-0.07220310805146919,0.0,0.0,0.6388286533301745,0.16357780177643877,0.0,-0.060329295075211876,-0.008503935779237002,-0.08106910624950384,-0.07038857483446882,-0.10808853467995069,-0.042078372724660675,-0.14913759644136793],[0.09749214465937817,0.06608565711706059,-0.2234014846032244,0.0,0.0,0.0,-0.05173303899839926,-0.008090643828386396,0.0,0.0,0.16357780177643877,0.7765985153967755,0.0,-0.0384176236071865,-0.07080629185750255,-0.04044009944828459,-0.06943111170870163,-0.04317721443357476,-0.08696979801528068,-0.059909964123134],[0.0,0.0,0.0,0.0,0.0,0.0,0.0,0.0,0.0,0.0,0.0,0.0,1.0,0.0,0.0,0.0,0.0,0.0,0.0,0.0],[-0.005598484087358212,-0.05473081098785365,-0.0384176236071865,0.0,0.0,0.0,-0.019449556337374347,-0.079297362345024,0.0,0.0,-0.060329295075211876,-0.0384176236071865,0.0,0.9110792126205333,-0.03429113557239621,-0.046263415894377685,-0.050667710027828404,-0.053638159918443847,-0.04565596752723745,-0.08534128276268868],[0.0038006939030570588,-0.012304629682294064,-0.07080629185750255,0.0,0.0,0.0,-0.057214128709679055,-0.022096098927060475,0.0,0.0,-0.008503935779237002,-0.07080629185750255,0.0,-0.03429113557239621,0.9624708701264396,-0.040487326286518265,-0.05231269956296802,-0.04861074088677505,-0.0540044921888055,-0.067239381171909],[-0.12060923170063843,0.03954012545113461,-0.04044009944828459,0.0,0.0,0.0,-0.08605960265906884,-0.03544960303871957,0.0,0.0,-0.08106910624950384,-0.04044009944828459,0.0,-0.046263415894377685,-0.040487326286518265,0.9068229619555285,-0.09123256671385861,-0.08585755291782675,-0.0871675032517624,-0.10948889759765218],[-0.040769504185693,-0.02961907064877584,-0.06943111170870163,0.0,0.0,0.0,-0.09058689931743766,-0.04923278722573282,0.0,0.0,-0.07038857483446882,-0.06943111170870163,0.0,-0.050667710027828404,-0.05231269956296802,-0.09123256671385861,0.8897959550355844,-0.09542290686145802,-0.11564487520079143,-0.1259432995967333],[-0.07221372847606428,-0.03587480620388635,-0.04317721443357476,0.0,0.0,0.0,-0.10731415564998768,-0.043951593463537754,0.0,0.0,-0.10808853467995069,-0.04317721443357476,0.0,-0.053638159918443847,-0.04861074088677505,-0.08585755291782675,-0.09542290686145802,0.9044190232981808,-0.09154822128393544,-0.1276624743396398],[0.013560461309982088,-0.055638834034642766,-0.08696979801528068,0.0,0.0,0.0,-0.08954219072332867,-0.039505980016612686,0.0,0.0,-0.042078372724660675,-0.08696979801528068,0.0,-0.04565596752723745,-0.0540044921888055,-0.0871675032517624,-0.11564487520079143,-0.09154822128393544,0.8668368364994683,-0.12073139843021186],[-0.0698138015449988,-0.07932379489636908,-0.059909964123134,0.0,0.0,0.0,-0.1395216413037736,-0.06952591926072829,0.0,0.0,-0.14913759644136793,-0.059909964123134,0.0,-0.08534128276268868,-0.067239381171909,-0.10948889759765218,-0.1259432995967333,-0.1276624743396398,-0.12073139843021186,0.8247326532184398]],"b":[12.855800000000002,1.8516000000000001,0.70124,0.0,0.0,0.0,14.943280000000003,0.46536,0.0,0.0,14.707400000000003,0.70124,0.0,4.924277333333333,4.027470000000001,9.110464683999998,8.922642812,9.745644228,7.8883482800000015,12.814998256],"n_updates":25},"restaurant_low":{"A_inv":[[1.0,0.0,0.0,0.0,0.0,0.0,0.0,0.0,0.0,0.0,0.0,0.0,0.0,0.0,0.0,0.0,0.0,0.0,0.0,0.0],[0.0,0.812561805366864,0.0,0.0,0.0,0.0,-0.11818826334166571,-0.06924993129147014,0.0,0.0,-0.09936626856191702,-0.0880719260712188,0.0,-0.07108532255724967,-0.04685954865828396,-0.08246251842130888,-0.1755802073185853,-0.1307766427035379,-0.1283932708699762,-0.18154308796567073],[0.0,0.0,1.0,0.0,0.0,0.0,0.0,0.0,0.0,0.0,0.0,0.0,0.0,0.0,0.0,0.0,0.0,0.0,0.0,0.0],[0.0,0.0,0.0,1.0,0.0,0.0,0.0,0.0,0.0,0.0,0.0,0.0,0.0,0.0,0.0,0.0,0.0,0.0,0.0,0.0],[0.0,0.0,0.0,0.0,1.0,0.0,0.0,0.0,0.0,0.0,0.0,0.0,0.0,0.0,0.0,0.0,0.0,0.0,0.0,0.0],[0.0,0.0,0.0,0.0,0.0,1.0,0.0,0.0,0.0,0.0,0.0,0.0,0.0,0.0,0.0,0.0,0.0,0.0,0.0,0.0],[0.0,-0.11818826334166571,0.0,0.0,0.0,0.0,0.5530358039031783,0.32877593275515593,0.0,0.0,-0.03788893036792298,-0.08029933297374274,0.0,0.01807654544442882,-0.029547065835416438,-0.04073148068026371,-0.10699314267426084,-0.07732909379620952,-0.08069181975605297,-0.11125756219013185],[0.0,-0.06924993129147014,0.0,0.0,0.0,0.0,0.32877593275515593,0.6019741359533739,0.0,0.0,-0.061477338193994015,-0.007772593097476106,0.0,-0.0891618680016785,-0.017312482822867525,-0.041731037741045175,-0.06858706464432449,-0.0534475489073284,-0.04770145111392326,-0.0702855257755389],[0.0,0.0,0.0,0.0,0.0,0.0,0.0,0.0,1.0,0.0,0.0,0.0,0.0,0.0,0.0,0.0,0.0,0.0,0.0,0.0],[0.0,0.0,0.0,0.0,0.0,0.0,0.0,0.0,0.0,1.0,0.0,0.0,0.0,0.0,0.0,0.0,0.0,0.0,0.0,0.0],[0.0,-0.09936626856191702,0.0,0.0,0.0,0.0,-0.03788893036792298,-0.061477338193994015,0.0,0.0,0.5323033009115877,0.36833043052649517,0.0,-0.05564599357052117,-0.024841567140479262,-0.04599425798152931,-0.08576253146034919,-0.0745060733973248,-0.06630507140729466,-0.10844261396127824],[0.0,-0.0880719260712188,0.0,0.0,0.0,0.0,-0.08029933297374274,-0.007772593097476106,0.0,0.0,0.36833043052649517,0.543597643402286,0.0,-0.015439328986728496,-0.022017981517804704,-0.03646826043977957,-0.08981767585823615,-0.05627056930621312,-0.062088199462681556,-0.07310047400439247],[0.0,0.0,0.0,0.0,0.0,0.0,0.0,0.0,0.0,0.0,0.0,0.0,1.0,0.0,0.0,0.0,0.0,0.0,0.0,0.0],[0.0,-0.07108532255724967,0.0,0.0,0.0,0.0,0.01807654544442882,-0.0891618680016785,0.0,0.0,-0.05564599357052117,-0.015439328986728496,0.0,0.9619592254468613,-0.017771330639312414,-0.03322707041595116,-0.06696399068497465,-0.050624453408860265,-0.048678392160223224,-0.06979193448433364],[0.0,-0.04685954865828396,0.0,0.0,0.0,0.0,-0.029547065835416438,-0.017312482822867525,0.0,0.0,-0.024841567140479262,-0.022017981517804704,0.0,-0.017771330639312414,0.9882851128354291,-0.020615629605327226,-0.04389505182964633,-0.03269416067588448,-0.03209831771749406,-0.045385771991417675],[0.0,-0.08246251842130888,0.0,0.0,0.0,0.0,-0.04073148068026371,-0.041731037741045175,0.0,0.0,-0.04599425798152931,-0.03646826043977957,0.0,-0.03322707041595116,-0.020615629605327226,0.9633746409991804,-0.07733012381003712,-0.05770764770893028,-0.05648745963201755,-0.08001054769746774],[0.0,-0.1755802073185853,0.0,0.0,0.0,0.0,-0.10699314267426084,-0.06858706464432449,0.0,0.0,-0.08576253146034919,-0.08981767585823615,0.0,-0.06696399068497465,-0.04389505182964633,-0.07733012381003712,0.8353520498454053,-0.12246598182413486,-0.12030585258650107,-0.16987074984324618],[0.0,-0.1307766427035379,0.0,0.0,0.0,0.0,-0.07732909379620952,-0.0534475489073284,0.0,0.0,-0.0745060733973248,-0.05627056930621312,0.0,-0.050624453408860265,-0.03269416067588448,-0.05770764770893028,-0.12246598182413486,0.9086291402609364,-0.089563547306359,-0.12684812892445504],[0.0,-0.1283932708699762,0.0,0.0,0.0,0.0,-0.08069181975605297,-0.04770145111392326,0.0,0.0,-0.06630507140729466,-0.062088199462681556,0.0,-0.048678392160223224,-0.03209831771749406,-0.05648745963201755,-0.12030585258650107,-0.089563547306359,0.9120440725953507,-0.12430592940936123],[0.0,-0.18154308796567073,0.0,0.0,0.0,0.0,-0.11125756219013185,-0.0702855257755389,0.0,0.0,-0.10844261396127824,-0.07310047400439247,0.0,-0.06979193448433364,-0.045385771991417675,-0.08001054769746774,-0.16987074984324618,-0.12684812892445504,-0.12430592940936123,0.8237912374434638]],"b":[0.0,7.28008,0.0,0.0,0.0,0.0,6.059840000000001,1.22024,0.0,0.0,4.8644,2.41568,0.0,2.549544,1.82002,3.162471632,6.784667552000001,5.072007536,4.980990272,7.070415263999999],"n_updates":12},"landmark_low":{"A_inv":[[1.0,0.0,0.0,0.0,0.0,0.0,0.0,0.0,0.0,0.0,0.0,0.0,0.0,0.0,0.0,0.0,0.0,0.0,0.0,0.0],[0.0,0.8332390165551659,0.0,0.0,0.0,0.0,-0.1667609834448341,0.0,0.0,0.0,-0.09675082698574322,-0.07001015645909085,0.0,-0.05325332259964167,-0.04169024586120853,-0.07186386693320883,-0.15698601102924917,-0.11639468241790346,-0.1143816007513566,-0.1621256172368225],[0.0,0.0,1.0,0.0,0.0,0.0,0.0,0.0,0.0,0.0,0.0,0.0,0.0,0.0,0.0,0.0,0.0,0.0,0.0,0.0],[0.0,0.0,0.0,1.0,0.0,0.0,0.0,0.0,0.0,0.0,0.0,0.0,0.0,0.0,0.0,0.0,0.0,0.0,0.0,0.0],[0.0,0.0,0.0,0.0,1.0,0.0,0.0,0.0,0.0,0.0,0.0,0.0,0.0,0.0,0.0,0.0,0.0,0.0,0.0,0.0],[0.0,0.0,0.0,0.0,0.0,1.0,0.0,0.0,0.0,0.0,0.0,0.0,0.0,0.0,0.0,0.0,0.0,0.0,0.0,0.0],[0.0,-0.1667609834448341,0.0,0.0,0.0,0.0,0.8332390165551659,0.0,0.0,0.0,-0.09675082698574322,-0.07001015645909085,0.0,-0.05325332259964167,-0.04169024586120853,-0.07186386693320883,-0.15698601102924917,-0.11639468241790346,-0.1143816007513566,-0.1621256172368225],[0.0,0.0,0.0,0.0,0.0,0.0,0.0,1.0,0.0,0.0,0.0,0.0,0.0,0.0,0.0,0.0,0.0,0.0,0.0,0.0],[0.0,0.0,0.0,0.0,0.0,0.0,0.0,0.0,1.0,0.0,0.0,0.0,0.0,0.0,0.0,0.0,0.0,0.0,0.0,0.0],[0.0,0.0,0.0,0.0,0.0,0.0,0.0,0.0,0.0,1.0,0.0,0.0,0.0,0.0,0.0,0.0,0.0,0.0,0.0,0.0],[0.0,-0.09675082698574322,0.0,0.0,0.0,0.0,-0.09675082698574322,0.0,0.0,0.0,0.6584765895559719,0.24477258345828476,0.0,-0.040409361777190574,-0.024187706746435812,-0.0373843351279265,-0.08354529814153824,-0.0563992329186095,-0.06547682114571918,-0.09976931261138557],[0.0,-0.07001015645909085,0.0,0.0,0.0,0.0,-0.07001015645909085,0.0,0.0,0.0,0.24477258345828476,0.6852172600826244,0.0,-0.012843960822451098,-0.017502539114772713,-0.03447953180528233,-0.07344071288771092,-0.05999544949929398,-0.048904779605637425,-0.06235630462543694],[0.0,0.0,0.0,0.0,0.0,0.0,0.0,0.0,0.0,0.0,0.0,0.0,1.0,0.0,0.0,0.0,0.0,0.0,0.0,0.0],[0.0,-0.05325332259964167,0.0,0.0,0.0,0.0,-0.05325332259964167,0.0,0.0,0.0,-0.040409361777190574,-0.012843960822451098,0.0,0.9826770244942011,-0.013313330649910417,-0.022805304584226863,-0.049880646580159366,-0.03679837915599136,-0.03649704093026429,-0.0519633289247596],[0.0,-0.04169024586120853,0.0,0.0,0.0,0.0,-0.04169024586120853,0.0,0.0,0.0,-0.024187706746435812,-0.017502539114772713,0.0,-0.013313330649910417,0.9895774385346979,-0.017965966733302207,-0.0392465027573123,-0.02909867060447587,-0.02859540018783915,-0.040531404309205626],[0.0,-0.07186386693320883,0.0,0.0,0.0,0.0,-0.07186386693320883,0.0,0.0,0.0,-0.0373843351279265,-0.03447953180528233,0.0,-0.022805304584226863,-0.017965966733302207,0.9689659611698996,-0.06776521504762362,-0.050327113442081156,-0.049304889851071135,-0.06978011727859892],[0.0,-0.15698601102924917,0.0,0.0,0.0,0.0,-0.15698601102924917,0.0,0.0,0.0,-0.08354529814153824,-0.07344071288771092,0.0,-0.049880646580159366,-0.0392465027573123,-0.06776521504762362,0.8520170791192538,-0.10986585292015696,-0.1077002893605759,-0.15247166815752752],[0.0,-0.11639468241790346,0.0,0.0,0.0,0.0,-0.11639468241790346,0.0,0.0,0.0,-0.0563992329186095,-0.05999544949929398,0.0,-0.03679837915599136,-0.02909867060447587,-0.050327113442081156,-0.10986585292015696,0.9183255619334846,-0.07986978547674453,-0.11293671658901026],[0.0,-0.1143816007513566,0.0,0.0,0.0,0.0,-0.1143816007513566,0.0,0.0,0.0,-0.06547682114571918,-0.048904779605637425,0.0,-0.03649704093026429,-0.02859540018783915,-0.049304889851071135,-0.1077002893605759,-0.07986978547674453,0.9215427513088438,-0.11118450210466754],[0.0,-0.1621256172368225,0.0,0.0,0.0,0.0,-0.1621256172368225,0.0,0.0,0.0,-0.09976931261138557,-0.06235630462543694,0.0,-0.0519633289247596,-0.040531404309205626,-0.06978011727859892,-0.15247166815752752,-0.11293671658901026,-0.11118450210466754,0.8422667458300807]],"b":[0.0,1.82044,0.0,0.0,0.0,0.0,1.82044,0.0,0.0,0.0,1.21312,0.6073200000000001,0.0,0.5865693333333333,0.45511,0.782129356,1.7095885800000001,1.264497384,1.248155916,1.7729770640000002],"n_updates":3},"museum_low":{"A_inv":[[1.0,0.0,0.0,0.0,0.0,0.0,0.0,0.0,0.0,0.0,0.0,0.0,0.0,0.0,0.0,0.0,0.0,0.0,0.0,0.0],[0.0,1.0,0.0,0.0,0.0,0.0,0.0,0.0,0.0,0.0,0.0,0.0,0.0,0.0,0.0,0.0,0.0,0.0,0.0,0.0],[0.0,0.0,1.0,0.0,0.0,0.0,0.0,0.0,0.0,0.0,0.0,0.0,0.0,0.0,0.0,0.0,0.0,0.0,0.0,0.0],[0.0,0.0,0.0,1.0,0.0,0.0,0.0,0.0,0.0,0.0,0.0,0.0,0.0,0.0,0.0,0.0,0.0,0.0,0.0,0.0],[0.0,0.0,0.0,0.0,0.8568995429587484,0.0,0.0,0.0,-0.14310045704125163,0.0,-0.14310045704125163,0.0,0.0,-0.07155022852062581,-0.03577511426031291,-0.11330694188526304,-0.1309226081470411,-0.12026162409746786,-0.08769196007487899,-0.14043878854028435],[0.0,0.0,0.0,0.0,0.0,1.0,0.0,0.0,0.0,0.0,0.0,0.0,0.0,0.0,0.0,0.0,0.0,0.0,0.0,0.0],[0.0,0.0,0.0,0.0,0.0,0.0,1.0,0.0,0.0,0.0,0.0,0.0,0.0,0.0,0.0,0.0,0.0,0.0,0.0,0.0],[0.0,0.0,0.0,0.0,0.0,0.0,0.0,1.0,0.0,0.0,0.0,0.0,0.0,0.0,0.0,0.0,0.0,0.0,0.0,0.0],[0.0,0.0,0.0,0.0,-0.14310045704125163,0.0,0.0,0.0,0.8568995429587484,0.0,-0.14310045704125163,0.0,0.0,-0.07155022852062581,-0.03577511426031291,-0.11330694188526304,-0.1309226081470411,-0.12026162409746786,-0.08769196007487899,-0.14043878854028435],[0.0,0.0,0.0,0.0,0.0,0.0,0.0,0.0,0.0,1.0,0.0,0.0,0.0,0.0,0.0,0.0,0.0,0.0,0.0,0.0],[0.0,0.0,0.0,0.0,-0.14310045704125163,0.0,0.0,0.0,-0.14310045704125163,0.0,0.8568995429587484,0.0,0.0,-0.07155022852062581,-0.03577511426031291,-0.11330694188526302,-0.1309226081470411,-0.12026162409746786,-0.08769196007487899,-0.14043878854028435],[0.0,0.0,0.0,0.0,0.0,0.0,0.0,0.0,0.0,0.0,0.0,1.0,0.0,0.0,0.0,0.0,0.0,0.0,0.0,0.0],[0.0,0.0,0.0,0.0,0.0,0.0,0.0,0.0,0.0,0.0,0.0,0.0,1.0,0.0,0.0,0.0,0.0,0.0,0.0,0.0],[0.0,0.0,0.0,0.0,-0.07155022852062581,0.0,0.0,0.0,-0.07155022852062581,0.0,-0.07155022852062581,0.0,0.0,0.964224885739687,-0.017887557130156453,-0.05665347094263151,-0.06546130407352055,-0.060130812048733925,-0.04384598003743949,-0.07021939427014218],[0.0,0.0,0.0,0.0,-0.03577511426031291,0.0,0.0,0.0,-0.03577511426031291,0.0,-0.03577511426031291,0.0,0.0,-0.017887557130156453,0.9910562214349218,-0.028326735471315756,-0.032730652036760274,-0.030065406024366963,-0.021922990018719744,-0.03510969713507109],[0.0,0.0,0.0,0.0,-0.11330694188526304,0.0,0.0,0.0,-0.11330694188526304,0.0,-0.11330694188526302,0.0,0.0,-0.05665347094263151,-0.028326735471315756,0.9102835634152486,-0.10366452113082714,-0.09522315396037503,-0.06943449398728917,-0.11119943276619715],[0.0,0.0,0.0,0.0,-0.1309226081470411,0.0,0.0,0.0,-0.1309226081470411,0.0,-0.1309226081470411,0.0,0.0,-0.06546130407352055,-0.032730652036760274,-0.10366452113082714,0.880218905806272,-0.11002735988677335,-0.0802293742725068,-0.12848744763550612],[0.0,0.0,0.0,0.0,-0.12026162409746786,0.0,0.0,0.0,-0.12026162409746786,0.0,-0.12026162409746786,0.0,0.0,-0.060130812048733925,-0.030065406024366963,-0.09522315396037503,-0.11002735988677335,0.8989321311084879,-0.0736963232469283,-0.11802475788925496],[0.0,0.0,0.0,0.0,-0.08769196007487899,0.0,0.0,0.0,-0.08769196007487899,0.0,-0.08769196007487899,0.0,0.0,-0.04384598003743949,-0.021922990018719744,-0.06943449398728917,-0.0802293742725068,-0.0736963232469283,0.9462623668661142,-0.08606088961748623],[0.0,0.0,0.0,0.0,-0.14043878854028435,0.0,0.0,0.0,-0.14043878854028435,0.0,-0.14043878854028435,0.0,0.0,-0.07021939427014218,-0.03510969713507109,-0.11119943276619715,-0.12848744763550612,-0.11802475788925496,-0.08606088961748623,0.862173372926565]],"b":[0.0,0.0,0.0,0.0,5.03784,0.0,0.0,0.0,5.03784,0.0,5.03784,0.0,0.0,2.51892,1.25946,3.988961711999999,4.609119816,4.233800736,3.0871883520000005,4.944136176],"n_updates":6},"cafe_low":{"A_inv":[[0.6724196001679036,0.10687613833373999,0.07943701415631606,0.0,0.07994230352992386,0.0,0.14624278249215386,0.12001267352782609,-0.3275803998320962,0.0,-0.033150044505189276,-0.028174899306927056,0.0,-0.010312092656188605,0.06435842289009092,-0.08290121117860863,-0.050672203028288995,-0.0778319101759325,-0.06353271778337352,-0.0587541225212032],[0.10687613833373999,0.4239724503791703,0.2767065635616681,0.0,0.11459861812256027,0.0,-0.1522623689424503,-0.03245999899415097,0.10687613833373999,0.0,-0.04860511011023257,-0.029241119492628604,0.0,-0.04476801281174346,0.17619103344139894,0.0370539313392655,-0.07735450706313578,-0.031137608069521698,-0.09004113211112046,-0.07723014561092494],[0.07943701415631606,0.2767065635616681,0.4381567024227777,0.0,0.16459090311936145,0.0,-0.14916228800834117,0.02861645711214857,0.07943701415631606,0.0,-0.012195490027143235,-0.028913326712733233,0.0,-0.027320174820719086,-0.20890340141389954,-0.02962395242165706,-0.03919640295800256,-0.03286192775341176,0.03335689846140155,-0.039709276179341765],[0.0,0.0,0.0,1.0,0.0,0.0,0.0,0.0,0.0,0.0,0.0,0.0,0.0,0.0,0.0,0.0,0.0,0.0,0.0,0.0],[0.07994230352992386,0.11459861812256027,0.16459090311936145,0.0,0.6025219335359945,0.0,0.05562787466450336,-0.17391641988658713,0.07994230352992386,0.0,-0.021790706916236833,-0.01655553477592314,0.0,-0.0031240462171455417,-0.12603014209536215,-0.03899457571341332,-0.03037235174639795,-0.017319305027044374,-0.024384466227051912,-0.033351788618394655],[0.0,0.0,0.0,0.0,0.0,1.0,0.0,0.0,0.0,0.0,0.0,0.0,0.0,0.0,0.0,0.0,0.0,0.0,0.0,0.0],[0.14624278249215386,-0.1522623689424503,-0.14916228800834117,0.0,0.05562787466450336,0.0,0.49322530312087953,0.2609779145928325,0.14624278249215386,0.0,-0.050107797758399054,-0.04944620203573521,0.0,0.0014524515652613505,-0.07165570662045247,-0.0014014357489910213,-0.09136057753594098,-0.04428065677187902,-0.04974601484826373,-0.09363375201729787],[0.12001267352782609,-0.03245999899415097,0.02861645711214857,0.0,-0.17391641988658713,0.0,0.2609779145928325,0.5612621236385779,0.12001267352782609,0.0,-0.032483509295213576,-0.025263778945549833,0.0,-0.07666468541486948,-0.0870868034474102,-0.03016316104681388,-0.05556268423159523,-0.037038184078098745,-0.031322685028507075,-0.05665745839136351],[-0.3275803998320962,0.10687613833373999,0.07943701415631606,0.0,0.07994230352992386,0.0,0.14624278249215386,0.12001267352782609,0.6724196001679036,0.0,-0.033150044505189276,-0.028174899306927056,0.0,-0.010312092656188605,0.06435842289009092,-0.08290121117860863,-0.050672203028288995,-0.0778319101759325,-0.06353271778337352,-0.0587541225212032],[0.0,0.0,0.0,0.0,0.0,0.0,0.0,0.0,0.0,1.0,0.0,0.0,0.0,0.0,0.0,0.0,0.0,0.0,0.0,0.0],[-0.033150044505189276,-0.04860511011023257,-0.012195490027143235,0.0,-0.021790706916236833,0.0,-0.050107797758399054,-0.032483509295213576,-0.033150044505189276,0.0,0.46550459910095043,0.4187540493402477,0.0,-0.013898361421162722,-0.04592843636139051,-0.08172002814533454,-0.10991343606314527,-0.08140722120693561,-0.03924369994908284,-0.12794466182162456],[-0.028174899306927056,-0.029241119492628604,-0.028913326712733233,0.0,-0.01655553477592314,0.0,-0.04944620203573521,-0.025263778945549833,-0.028174899306927056,0.0,0.4187540493402477,0.4783610703715405,0.0,-0.07162596508463408,-0.048455650816381216,-0.03274577982907902,-0.08768202873267993,-0.07774352981897469,-0.10535771771106149,-0.08110067110824017],[0.0,0.0,0.0,0.0,0.0,0.0,0.0,0.0,0.0,0.0,0.0,0.0,1.0,0.0,0.0,0.0,0.0,0.0,0.0,0.0],[-0.010312092656188605,-0.04476801281174346,-0.027320174820719086,0.0,-0.0031240462171455417,0.0,0.0014524515652613505,-0.07666468541486948,-0.010312092656188605,0.0,-0.013898361421162722,-0.07162596508463408,0.0,0.9542517838783285,-0.03660319214538151,-0.041466057249870784,-0.0779338357114131,-0.06267425250688043,-0.058006321282831556,-0.08119621992055864],[0.06435842289009092,0.17619103344139894,-0.20890340141389954,0.0,-0.12603014209536215,0.0,-0.07165570662045247,-0.0870868034474102,0.06435842289009092,0.0,-0.04592843636139051,-0.048455650816381216,0.0,-0.03660319214538151,0.8089372064509265,-0.06292571606113861,-0.0841832435511565,-0.06487830414670563,-0.03166413829786128,-0.08879186563133434],[-0.08290121117860863,0.0370539313392655,-0.02962395242165706,0.0,-0.03899457571341332,0.0,-0.0014014357489910213,-0.03016316104681388,-0.08290121117860863,0.0,-0.08172002814533454,-0.03274577982907902,0.0,-0.041466057249870784,-0.06292571606113861,0.9171218228097934,-0.10332823080607112,-0.09056931732210927,-0.07252827506355851,-0.11036711887884795],[-0.050672203028288995,-0.07735450706313578,-0.03919640295800256,0.0,-0.03037235174639795,0.0,-0.09136057753594098,-0.05556268423159523,-0.050672203028288995,0.0,-0.10991343606314527,-0.08768202873267993,0.0,-0.0779338357114131,-0.0841832435511565,-0.10332823080607112,0.8104505265590971,-0.14849250328182206,-0.14071437317402366,-0.19398052021839765],[-0.0778319101759325,-0.031137608069521698,-0.03286192775341176,0.0,-0.017319305027044374,0.0,-0.04428065677187902,-0.037038184078098745,-0.0778319101759325,0.0,-0.08140722120693561,-0.07774352981897469,0.0,-0.06267425250688043,-0.06487830414670563,-0.09056931732210927,-0.14849250328182206,0.8774111870362631,-0.11194678561584691,-0.15443912424004105],[-0.06353271778337352,-0.09004113211112046,0.03335689846140155,0.0,-0.024384466227051912,0.0,-0.04974601484826373,-0.031322685028507075,-0.06353271778337352,0.0,-0.03924369994908284,-0.10535771771106149,0.0,-0.058006321282831556,-0.03166413829786128,-0.07252827506355851,-0.14071437317402366,-0.11194678561584691,0.8641131188379458,-0.14184169732034327],[-0.0587541225212032,-0.07723014561092494,-0.039709276179341765,0.0,-0.033351788618394655,0.0,-0.09363375201729787,-0.05665745839136351,-0.0587541225212032,0.0,-0.12794466182162456,-0.08110067110824017,0.0,-0.08119621992055864,-0.08879186563133434,-0.11036711887884795,-0.19398052021839765,-0.15443912424004105,-0.14184169732034327,0.7973040821653191]],"b":[4.60656,7.66496,29.956480000000017,0.0,1.46652,0.0,37.00960000000001,2.07836,4.60656,0.0,35.228120000000004,8.466400000000002,0.0,15.329008000000007,26.635130000000007,22.725327016,40.81417334000002,31.614567995999998,26.981759399999998,42.68460398799999],"n_updates":71},"museum_medium":{"A_inv":[[1.0,0.0,0.0,0.0,0.0,0.0,0.0,0.0,0.0,0.0,0.0,0.0,0.0,0.0,0.0,0.0,0.0,0.0,0.0,0.0],[0.0,0.8561208219443374,0.0,0.0,0.0,0.0,-0.14387917805566267,0.0,0.0,0.0,0.0,-0.14387917805566267,0.0,-0.04316375341669879,-0.07193958902783133,-0.13367289942526459,-0.1121590487382284,-0.10867733094059973,-0.09842250080162723,-0.12527812449700398],[0.0,0.0,1.0,0.0,0.0,0.0,0.0,0.0,0.0,0.0,0.0,0.0,0.0,0.0,0.0,0.0,0.0,0.0,0.0,0.0],[0.0,0.0,0.0,1.0,0.0,0.0,0.0,0.0,0.0,0.0,0.0,0.0,0.0,0.0,0.0,0.0,0.0,0.0,0.0,0.0],[0.0,0.0,0.0,0.0,1.0,0.0,0.0,0.0,0.0,0.0,0.0,0.0,0.0,0.0,0.0,0.0,0.0,0.0,0.0,0.0],[0.0,0.0,0.0,0.0,0.0,1.0,0.0,0.0,0.0,0.0,0.0,0.0,0.0,0.0,0.0,0.0,0.0,0.0,0.0,0.0],[0.0,-0.14387917805566267,0.0,0.0,0.0,0.0,0.8561208219443374,0.0,0.0,0.0,0.0,-0.14387917805566267,0.0,-0.04316375341669879,-0.07193958902783133,-0.13367289942526459,-0.1121590487382284,-0.10867733094059973,-0.09842250080162723,-0.12527812449700398],[0.0,0.0,0.0,0.0,0.0,0.0,0.0,1.0,0.0,0.0,0.0,0.0,0.0,0.0,0.0,0.0,0.0,0.0,0.0,0.0],[0.0,0.0,0.0,0.0,0.0,0.0,0.0,0.0,1.0,0.0,0.0,0.0,0.0,0.0,0.0,0.0,0.0,0.0,0.0,0.0],[0.0,0.0,0.0,0.0,0.0,0.0,0.0,0.0,0.0,1.0,0.0,0.0,0.0,0.0,0.0,0.0,0.0,0.0,0.0,0.0],[0.0,0.0,0.0,0.0,0.0,0.0,0.0,0.0,0.0,0.0,1.0,0.0,0.0,0.0,0.0,0.0,0.0,0.0,0.0,0.0],[0.0,-0.14387917805566267,0.0,0.0,0.0,0.0,-0.14387917805566267,0.0,0.0,0.0,0.0,0.8561208219443374,0.0,-0.04316375341669879,-0.07193958902783133,-0.13367289942526459,-0.1121590487382284,-0.10867733094059973,-0.09842250080162723,-0.12527812449700398],[0.0,0.0,0.0,0.0,0.0,0.0,0.0,0.0,0.0,0.0,0.0,0.0,1.0,0.0,0.0,0.0,0.0,0.0,0.0,0.0],[0.0,-0.04316375341669879,0.0,0.0,0.0,0.0,-0.04316375341669879,0.0,0.0,0.0,0.0,-0.04316375341669879,0.0,0.9870508739749904,-0.021581876708349396,-0.04010186982757938,-0.03364771462146852,-0.03260319928217992,-0.02952675024048817,-0.03758343734910119],[0.0,-0.07193958902783133,0.0,0.0,0.0,0.0,-0.07193958902783133,0.0,0.0,0.0,0.0,-0.07193958902783133,0.0,-0.021581876708349396,0.9640302054860843,-0.06683644971263229,-0.0560795243691142,-0.05433866547029986,-0.049211250400813616,-0.06263906224850199],[0.0,-0.13367289942526459,0.0,0.0,0.0,0.0,-0.13367289942526459,0.0,0.0,0.0,0.0,-0.13367289942526459,0.0,-0.04010186982757938,-0.06683644971263229,0.875735899188957,-0.10469443719067766,-0.1011347022279912,-0.09151424045185319,-0.11662689719652894],[0.0,-0.1121590487382284,0.0,0.0,0.0,0.0,-0.1121590487382284,0.0,0.0,0.0,0.0,-0.1121590487382284,0.0,-0.03364771462146852,-0.0560795243691142,-0.10469443719067766,0.9092785574148854,-0.0858320718376159,-0.0772154702498117,-0.09923539473823001],[0.0,-0.10867733094059973,0.0,0.0,0.0,0.0,-0.10867733094059973,0.0,0.0,0.0,0.0,-0.10867733094059973,0.0,-0.03260319928217992,-0.05433866547029986,-0.1011347022279912,-0.0858320718376159,0.9175344279865756,-0.07450875614754428,-0.09516116747713448],[0.0,-0.09842250080162723,0.0,0.0,0.0,0.0,-0.09842250080162723,0.0,0.0,0.0,0.0,-0.09842250080162723,0.0,-0.02952675024048817,-0.049211250400813616,-0.09151424045185319,-0.07721547024981