{"park_low":{"A_inv":[[0.4730331719025616,0.2888317456793791,0.18138752503439587,0.0,0.0,0.0,-0.08464817882558423,0.027900621441921014,0.0,0.0,-0.12012062049784884,0.06337306311418557,0.0,0.009960840026542165,0.031159991912683146,-0.08815431111152212,-0.05996881727653486,-0.0509262145191118,-0.04056121896530704,-0.06060816249500879],[0.2888317456793791,0.4119574703097119,0.202501465652051,0.0,0.0,0.0,-0.024705014214976187,-0.0720043041438818,0.0,0.0,-0.06112808070879104,-0.03558123765006693,0.0,-0.026976722706759323,0.02644803682329825,0.05854003888886375,-0.08982854717758598,-0.03675860400338865,-0.0841172882345654,-0.09321680476156163],[0.18138752503439587,0.202501465652051,0.5662980624781476,0.0,0.0,0.0,-0.02323951737966933,-0.026573429455736215,0.0,0.0,0.06978963490039142,-0.11960258173579691,0.0,-0.06312031481298086,-0.12087872108931445,-0.08767970329476384,-0.038658753747665524,-0.0667738130528693,-0.0025952424793879137,-0.04316129679690304],[0.0,0.0,0.0,1.0,0.0,0.0,0.0,0.0,0.0,0.0,0.0,0.0,0.0,0.0,0.0,0.0,0.0,0.0,0.0,0.0],[0.0,0.0,0.0,0.0,1.0,0.0,0.0,0.0,0.0,0.0,0.0,0.0,0.0,0.0,0.0,0.0,0.0,0.0,0.0,0.0],[0.0,0.0,0.0,0.0,0.0,1.0,0.0,0.0,0.0,0.0,0.0,0.0,0.0,0.0,0.0,0.0,0.0,0.0,0.0,0.0],[-0.08464817882558423,-0.024705014214976187,-0.02323951737966933,0.0,0.0,0.0,0.5548426253149807,0.31256466426478957,0.0,0.0,-0.03835768585320441,-0.09423502456702534,0.0,0.00944545687528905,-0.03895805694997479,-0.08730707053302221,-0.11001091933425781,-0.10178305590217651,-0.08757833998108731,-0.12180077652560739],[0.027900621441921014,-0.0720043041438818,-0.026573429455736215,0.0,0.0,0.0,0.31256466426478957,0.6167582235775135,0.0,0.0,-0.07310138045304414,0.002424268295347116,0.0,-0.08958165436848704,-0.024312635403358276,-0.029986904984400004,-0.07844519886752854,-0.05267557567319333,-0.03969540969817307,-0.07518548752786608],[0.0,0.0,0.0,0.0,0.0,0.0,0.0,0.0,1.0,0.0,0.0,0.0,0.0,0.0,0.0,0.0,0.0,0.0,0.0,0.0],[0.0,0.0,0.0,0.0,0.0,0.0,0.0,0.0,0.0,1.0,0.0,0.0,0.0,0.0,0.0,0.0,0.0,0.0,0.0,0.0],[-0.12012062049784884,-0.06112808070879104,0.06978963490039142,0.0,0.0,0.0,-0.03835768585320441,-0.07310138045304414,0.0,0.0,0.5545352457727084,0.33400568792104324,0.0,-0.05104889603672153,-0.01041735785146429,-0.06553984593984225,-0.09979522734272393,-0.0800433406724669,-0.07688358352979137,-0.11957180636638273],[0.06337306311418557,-0.03558123765006693,-0.11960258173579691,0.0,0.0,0.0,-0.09423502456702534,0.002424268295347116,0.0,0.0,0.33400568792104324,0.5741835558072784,0.0,-0.029087301456476464,-0.052853334501868764,-0.051754129577579966,-0.0886608908590624,-0.07441529090290294,-0.05039016614946901,-0.07741445768709074],[0.0,0.0,0.0,0.0,0.0,0.0,0.0,0.0,0.0,0.0,0.0,0.0,1.0,0.0,0.0,0.0,0.0,0.0,0.0,0.0],[0.009960840026542165,-0.026976722706759323,-0.06312031481298086,0.0,0.0,0.0,0.00944545687528905,-0.08958165436848704,0.0,0.0,-0.05104889603672153,-0.029087301456476464,0.0,0.9364769663218955,-0.0358141280765447,-0.0478676885531737,-0.0683001717371394,-0.05913416377433804,-0.05838279783017487,-0.07680786464791173],[0.031159991912683146,0.02644803682329825,-0.12087872108931445,0.0,0.0,0.0,-0.03895805694997479,-0.024312635403358276,0.0,0.0,-0.01041735785146429,-0.052853334501868764,0.0,-0.0358141280765447,0.9539626466393378,-0.05124341970304649,-0.05677871798736296,-0.055308111157059775,-0.03246724803966207,-0.060036890212594105],[-0.08815431111152212,0.05854003888886375,-0.08767970329476384,0.0,0.0,0.0,-0.08730707053302221,-0.029986904984400004,0.0,0.0,-0.06553984593984225,-0.051754129577579966,0.0,-0.0478676885531737,-0.05124341970304649,0.9067298735157264,-0.1082041144415785,-0.09790352396401454,-0.06615017138215562,-0.11356591030559414],[-0.05996881727653486,-0.08982854717758598,-0.038658753747665524,0.0,0.0,0.0,-0.11001091933425781,-0.07844519886752854,0.0,0.0,-0.09979522734272393,-0.0886608908590624,0.0,-0.0683001717371394,-0.05677871798736296,-0.1082041144415785,0.8155214206495788,-0.14451197462102985,-0.12456324249923664,-0.18563762366909842],[-0.0509262145191118,-0.03675860400338865,-0.0667738130528693,0.0,0.0,0.0,-0.10178305590217651,-0.05267557567319333,0.0,0.0,-0.0800433406724669,-0.07441529090290294,0.0,-0.05913416377433804,-0.055308111157059775,-0.09790352396401454,-0.14451197462102985,0.8779740006041574,-0.0880306487945263,-0.14989137985116568],[-0.04056121896530704,-0.0841172882345654,-0.0025952424793879137,0.0,0.0,0.0,-0.08757833998108731,-0.03969540969817307,0.0,0.0,-0.07688358352979137,-0.05039016614946901,0.0,-0.05838279783017487,-0.03246724803966207,-0.06615017138215562,-0.12456324249923664,-0.0880306487945263,0.8678505237859312,-0.12616054832393095],[-0.06060816249500879,-0.09321680476156163,-0.04316129679690304,0.0,0.0,0.0,-0.12180077652560739,-0.07518548752786608,0.0,0.0,-0.11957180636638273,-0.07741445768709074,0.0,-0.07680786464791173,-0.060036890212594105,-0.11356591030559414,-0.18563762366909842,-0.14989137985116568,-0.12616054832393095,0.807705445660928]],"b":[10.821240000000003,4.452,2.20464,0.0,0.0,0.0,16.2534,1.22448,0.0,0.0,13.998360000000002,3.47952,0.0,5.956780000000001,4.920630000000001,10.875752756,16.28940998,13.340165888,11.779931780000004,17.102036128],"n_updates":24},"park_medium":{"A_inv":[[0.8511046896420463,0.0,0.0,0.0,0.0,0.0,-0.1488953103579537,0.0,0.0,0.0,-0.1488953103579537,0.0,0.0,-0.03940525312836327,-0.03722382758948843,-0.099543284373134,-0.1324192902397582,-0.11446891362539229,-0.08529400317187782,-0.14328470582040986],[0.0,1.0,0.0,0.0,0.0,0.0,0.0,0.0,0.0,0.0,0.0,0.0,0.0,0.0,0.0,0.0,0.0,0.0,0.0,0.0],[0.0,0.0,1.0,0.0,0.0,0.0,0.0,0.0,0.0,0.0,0.0,0.0,0.0,0.0,0.0,0.0,0.0,0.0,0.0,0.0],[0.0,0.0,0.0,1.0,0.0,0.0,0.0,0.0,0.0,0.0,0.0,0.0,0.0,0.0,0.0,0.0,0.0,0.0,0.0,0.0],[0.0,0.0,0.0,0.0,1.0,0.0,0.0,0.0,0.0,0.0,0.0,0.0,0.0,0.0,0.0,0.0,0.0,0.0,0.0,0.0],[0.0,0.0,0.0,0.0,0.0,1.0,0.0,0.0,0.0,0.0,0.0,0.0,0.0,0.0,0.0,0.0,0.0,0.0,0.0,0.0],[-0.1488953103579537,0.0,0.0,0.0,0.0,0.0,0.8511046896420463,0.0,0.0,0.0,-0.1488953103579537,0.0,0.0,-0.03940525312836327,-0.03722382758948843,-0.099543284373134,-0.1324192902397582,-0.11446891362539229,-0.08529400317187782,-0.14328470582040986],[0.0,0.0,0.0,0.0,0.0,0.0,0.0,1.0,0.0,0.0,0.0,0.0,0.0,0.0,0.0,0.0,0.0,0.0,0.0,0.0],[0.0,0.0,0.0,0.0,0.0,0.0,0.0,0.0,1.0,0.0,0.0,0.0,0.0,0.0,0.0,0.0,0.0,0.0,0.0,0.0],[0.0,0.0,0.0,0.0,0.0,0.0,0.0,0.0,0.0,1.0,0.0,0.0,0.0,0.0,0.0,0.0,0.0,0.0,0.0,0.0],[-0.1488953103579537,0.0,0.0,0.0,0.0,0.0,-0.1488953103579537,0.0,0.0,0.0,0.8511046896420463,0.0,0.0,-0.03940525312836327,-0.03722382758948843,-0.099543284373134,-0.1324192902397582,-0.11446891362539229,-0.08529400317187782,-0.14328470582040986],[0.0,0.0,0.0,0.0,0.0,0.0,0.0,0.0,0.0,0.0,0.0,1.0,0.0,0.0,0.0,0.0,0.0,0.0,0.0,0.0],[0.0,0.0,0.0,0.0,0.0,0.0,0.0,0.0,0.0,0.0,0.0,0.0,1.0,0.0,0.0,0.0,0.0,0.0,0.0,0.0],[-0.03940525312836327,0.0,0.0,0.0,0.0,0.0,-0.03940525312836327,0.0,0.0,0.0,-0.03940525312836327,0.0,0.0,0.9807622779288774,-0.009851313282090816,-0.026364023701750273,-0.033974557526145345,-0.030347136532507032,-0.022592940977365906,-0.03849519583410047],[-0.03722382758948843,0.0,0.0,0.0,0.0,0.0,-0.03722382758948843,0.0,0.0,0.0,-0.03722382758948843,0.0,0.0,-0.009851313282090816,0.9906940431026279,-0.024885821093283505,-0.03310482255993956,-0.02861722840634807,-0.021323500792969456,-0.035821176455102466],[-0.099543284373134,0.0,0.0,0.0,0.0,0.0,-0.099543284373134,0.0,0.0,0.0,-0.099543284373134,0.0,0.0,-0.026364023701750273,-0.024885821093283505,0.9334507441496362,-0.08852590767008033,-0.07652779191327891,-0.05702296353585486,-0.09579363344336948],[-0.1324192902397582,0.0,0.0,0.0,0.0,0.0,-0.1324192902397582,0.0,0.0,0.0,-0.1324192902397582,0.0,0.0,-0.033974557526145345,-0.03310482255993956,-0.08852590767008033,0.8821035327834895,-0.10179592681709937,-0.07585338159413546,-0.12735969011966447],[-0.11446891362539229,0.0,0.0,0.0,0.0,0.0,-0.11446891362539229,0.0,0.0,0.0,-0.11446891362539229,0.0,0.0,-0.030347136532507032,-0.02861722840634807,-0.07652779191327891,-0.10179592681709937,0.911997366647404,-0.06557311687932886,-0.11015899748042304],[-0.08529400317187782,0.0,0.0,0.0,0.0,0.0,-0.08529400317187782,0.0,0.0,0.0,-0.08529400317187782,0.0,0.0,-0.022592940977365906,-0.021323500792969456,-0.05702296353585486,-0.07585338159413546,-0.06557311687932886,0.9511396725676938,-0.08208128709635626],[-0.14328470582040986,0.0,0.0,0.0,0.0,0.0,-0.14328470582040986,0.0,0.0,0.0,-0.14328470582040986,0.0,0.0,-0.03849519583410047,-0.035821176455102466,-0.09579363344336948,-0.12735969011966447,-0.11015899748042304,-0.08208128709635626,0.8620769772362467]],"b":[1.5122,0.0,0.0,0.0,0.0,0.0,1.5122,0.0,0.0,0.0,1.5122,0.0,0.0,0.40524533333333335,0.37805,1.010985792,1.344254992,1.162591312,0.8662682519999999,1.4555468679999999],"n_updates":2},"bookstore_medium":{"A_inv":[[0.7453942079746549,0.0,0.0,0.0,0.16109018414126738,0.0,-0.2546057920253451,0.0,0.16109018414126738,0.0,-0.09351560788407773,0.0,0.0,0.008754469642635584,-0.023378901971019432,-0.08486508007103802,-0.08021960078346449,-0.06099402943662771,-0.06378442305822718,-0.08595376521890807],[0.0,1.0,0.0,0.0,0.0,0.0,0.0,0.0,0.0,0.0,0.0,0.0,0.0,0.0,0.0,0.0,0.0,0.0,0.0,0.0],[0.0,0.0,1.0,0.0,0.0,0.0,0.0,0.0,0.0,0.0,0.0,0.0,0.0,0.0,0.0,0.0,0.0,0.0,0.0,0.0],[0.0,0.0,0.0,1.0,0.0,0.0,0.0,0.0,0.0,0.0,0.0,0.0,0.0,0.0,0.0,0.0,0.0,0.0,0.0,0.0],[0.16109018414126738,0.0,0.0,0.0,0.7571599466212848,0.0,0.16109018414126738,0.0,-0.24284005337871523,0.0,-0.08174986923744787,0.0,0.0,-0.07292445673790923,-0.02043746730936197,-0.04963899606554596,-0.06888019078811469,-0.07497259545767201,-0.054215560730390425,-0.07954311414843368],[0.0,0.0,0.0,0.0,0.0,1.0,0.0,0.0,0.0,0.0,0.0,0.0,0.0,0.0,0.0,0.0,0.0,0.0,0.0,0.0],[-0.2546057920253451,0.0,0.0,0.0,0.16109018414126738,0.0,0.7453942079746549,0.0,0.16109018414126738,0.0,-0.09351560788407773,0.0,0.0,0.008754469642635584,-0.023378901971019432,-0.08486508007103802,-0.08021960078346449,-0.06099402943662771,-0.06378442305822718,-0.08595376521890807],[0.0,0.0,0.0,0.0,0.0,0.0,0.0,1.0,0.0,0.0,0.0,0.0,0.0,0.0,0.0,0.0,0.0,0.0,0.0,0.0],[0.16109018414126738,0.0,0.0,0.0,-0.24284005337871523,0.0,0.16109018414126738,0.0,0.7571599466212848,0.0,-0.08174986923744787,0.0,0.0,-0.07292445673790923,-0.02043746730936197,-0.04963899606554596,-0.06888019078811469,-0.07497259545767201,-0.054215560730390425,-0.07954311414843368],[0.0,0.0,0.0,0.0,0.0,0.0,0.0,0.0,0.0,1.0,0.0,0.0,0.0,0.0,0.0,0.0,0.0,0.0,0.0,0.0],[-0.09351560788407773,0.0,0.0,0.0,-0.08174986923744787,0.0,-0.09351560788407773,0.0,-0.08174986923744787,0.0,0.8247345228784745,0.0,0.0,-0.06416998709527366,-0.0438163692803814,-0.13450407613658397,-0.14909979157157918,-0.13596662489429975,-0.1179999837886176,-0.16549687936734173],[0.0,0.0,0.0,0.0,0.0,0.0,0.0,0.0,0.0,0.0,0.0,1.0,0.0,0.0,0.0,0.0,0.0,0.0,0.0,0.0],[0.0,0.0,0.0,0.0,0.0,0.0,0.0,0.0,0.0,0.0,0.0,0.0,1.0,0.0,0.0,0.0,0.0,0.0,0.0,0.0],[0.008754469642635584,0.0,0.0,0.0,-0.07292445673790923,0.0,0.008754469642635584,0.0,-0.07292445673790923,0.0,-0.06416998709527366,0.0,0.0,0.9563527301301519,-0.016042496773818412,-0.06960082708927808,-0.05260966365287986,-0.05460050832727324,-0.03895619971345035,-0.06169424337451228],[-0.023378901971019432,0.0,0.0,0.0,-0.02043746730936197,0.0,-0.023378901971019432,0.0,-0.02043746730936197,0.0,-0.0438163692803814,0.0,0.0,-0.016042496773818412,0.9890459076799046,-0.033626019034146,-0.037274947892894796,-0.03399165622357493,-0.0294999959471544,-0.041374219841835425],[-0.08486508007103802,0.0,0.0,0.0,-0.04963899606554596,0.0,-0.08486508007103802,0.0,-0.04963899606554596,0.0,-0.13450407613658397,0.0,0.0,-0.06960082708927808,-0.033626019034146,0.847888064305671,-0.11092757525779723,-0.10869742868970593,-0.08178217385771017,-0.1282402549378952],[-0.08021960078346449,0.0,0.0,0.0,-0.06888019078811469,0.0,-0.08021960078346449,0.0,-0.06888019078811469,0.0,-0.14909979157157918,0.0,0.0,-0.05260966365287986,-0.037274947892894796,-0.11092757525779723,0.8713657033600812,-0.11586970762277234,-0.09915498887691598,-0.141316656000511],[-0.06099402943662771,0.0,0.0,0.0,-0.07497259545767201,0.0,-0.06099402943662771,0.0,-0.07497259545767201,0.0,-0.13596662489429975,0.0,0.0,-0.05460050832727324,-0.03399165622357493,-0.10869742868970593,-0.11586970762277234,0.8930824429000043,-0.08980620926443492,-0.12892297410249431],[-0.06378442305822718,0.0,0.0,0.0,-0.054215560730390425,0.0,-0.06378442305822718,0.0,-0.054215560730390425,0.0,-0.1179999837886176,0.0,0.0,-0.03895619971345035,-0.0294999959471544,-0.08178217385771017,-0.09915498887691598,-0.08980620926443492,0.9114628120633969,-0.11037881038306283],[-0.08595376521890807,0.0,0.0,0.0,-0.07954311414843368,0.0,-0.08595376521890807,0.0,-0.07954311414843368,0.0,-0.16549687936734173,0.0,0.0,-0.06169424337451228,-0.041374219841835425,-0.1282402549378952,-0.141316656000511,-0.12892297410249431,-0.11037881038306283,0.8433957875403778]],"b":[2.48724,0.0,0.0,0.0,1.64908,0.0,2.48724,0.0,1.64908,0.0,4.1363199999999996,0.0,0.0,1.5547453333333332,1.0340799999999999,3.399234,3.508311856,3.216515208,2.758844508,3.9101208320000005],"n_updates":5},"park_high":{"A_inv":[[0.8582629821395831,0.0,0.0,0.0,0.0,0.0,-0.1417370178604169,0.0,0.0,0.0,-0.1417370178604169,0.0,0.0,-0.04724567262013896,-0.035434254465104224,-0.10569329421851288,-0.10288690126487662,-0.09945686543265454,-0.10044902455767746,-0.12709558391543585],[0.0,1.0,0.0,0.0,0.0,0.0,0.0,0.0,0.0,0.0,0.0,0.0,0.0,0.0,0.0,0.0,0.0,0.0,0.0,0.0],[0.0,0.0,1.0,0.0,0.0,0.0,0.0,0.0,0.0,0.0,0.0,0.0,0.0,0.0,0.0,0.0,0.0,0.0,0.0,0.0],[0.0,0.0,0.0,1.0,0.0,0.0,0.0,0.0,0.0,0.0,0.0,0.0,0.0,0.0,0.0,0.0,0.0,0.0,0.0,0.0],[0.0,0.0,0.0,0.0,1.0,0.0,0.0,0.0,0.0,0.0,0.0,0.0,0.0,0.0,0.0,0.0,0.0,0.0,0.0,0.0],[0.0,0.0,0.0,0.0,0.0,1.0,0.0,0.0,0.0,0.0,0.0,0.0,0.0,0.0,0.0,0.0,0.0,0.0,0.0,0.0],[-0.1417370178604169,0.0,0.0,0.0,0.0,0.0,0.8582629821395831,0.0,0.0,0.0,-0.1417370178604169,0.0,0.0,-0.04724567262013896,-0.035434254465104224,-0.10569329421851288,-0.10288690126487662,-0.09945686543265454,-0.10044902455767746,-0.12709558391543585],[0.0,0.0,0.0,0.0,0.0,0.0,0.0,1.0,0.0,0.0,0.0,0.0,0.0,0.0,0.0,0.0,0.0,0.0,0.0,0.0],[0.0,0.0,0.0,0.0,0.0,0.0,0.0,0.0,1.0,0.0,0.0,0.0,0.0,0.0,0.0,0.0,0.0,0.0,0.0,0.0],[0.0,0.0,0.0,0.0,0.0,0.0,0.0,0.0,0.0,1.0,0.0,0.0,0.0,0.0,0.0,0.0,0.0,0.0,0.0,0.0],[-0.1417370178604169,0.0,0.0,0.0,0.0,0.0,-0.1417370178604169,0.0,0.0,0.0,0.8582629821395831,0.0,0.0,-0.04724567262013896,-0.035434254465104224,-0.10569329421851288,-0.10288690126487662,-0.09945686543265454,-0.10044902455767746,-0.12709558391543585],[0.0,0.0,0.0,0.0,0.0,0.0,0.0,0.0,0.0,0.0,0.0,1.0,0.0,0.0,0.0,0.0,0.0,0.0,0.0,0.0],[0.0,0.0,0.0,0.0,0.0,0.0,0.0,0.0,0.0,0.0,0.0,0.0,1.0,0.0,0.0,0.0,0.0,0.0,0.0,0.0],[-0.04724567262013896,0.0,0.0,0.0,0.0,0.0,-0.04724567262013896,0.0,0.0,0.0,-0.04724567262013896,0.0,0.0,0.9842514424599537,-0.01181141815503474,-0.03523109807283763,-0.03429563375495888,-0.033152288477551514,-0.033483008185892484,-0.04236519463847861],[-0.035434254465104224,0.0,0.0,0.0,0.0,0.0,-0.035434254465104224,0.0,0.0,0.0,-0.035434254465104224,0.0,0.0,-0.01181141815503474,0.991141436383724,-0.02642332355462822,-0.025721725316219156,-0.024864216358163636,-0.025112256139419364,-0.03177389597885896],[-0.10569329421851288,0.0,0.0,0.0,0.0,0.0,-0.10569329421851288,0.0,0.0,0.0,-0.10569329421851288,0.0,0.0,-0.03523109807283763,-0.02642332355462822,0.9211845105012549,-0.0767227622732185,-0.07416498455313049,-0.07490483761266009,-0.0947751769257405],[-0.10288690126487662,0.0,0.0,0.0,0.0,0.0,-0.10288690126487662,0.0,0.0,0.0,-0.10288690126487662,0.0,0.0,-0.03429563375495888,-0.025721725316219156,-0.0767227622732185,0.925314398371826,-0.07219573861756393,-0.07291594692641808,-0.09225868436421487],[-0.09945686543265454,0.0,0.0,0.0,0.0,0.0,-0.09945686543265454,0.0,0.0,0.0,-0.09945686543265454,0.0,0.0,-0.033152288477551514,-0.024864216358163636,-0.07416498455313049,-0.07219573861756393,0.9302111175259064,-0.07048508053212227,-0.08918297123346133],[-0.10044902455767746,0.0,0.0,0.0,0.0,0.0,-0.10044902455767746,0.0,0.0,0.0,-0.10044902455767746,0.0,0.0,-0.033483008185892484,-0.025112256139419364,-0.07490483761266009,-0.07291594692641808,-0.07048508053212227,0.928811776295974,-0.09007264032086938],[-0.12709558391543585,0.0,0.0,0.0,0.0,0.0,-0.12709558391543585,0.0,0.0,0.0,-0.12709558391543585,0.0,0.0,-0.04236519463847861,-0.03177389597885896,-0.0947751769257405,-0.09225868436421487,-0.08918297123346133,-0.09007264032086938,0.8860333899030287]],"b":[0.81484,0.0,0.0,0.0,0.0,0.0,0.81484,0.0,0.0,0.0,0.81484,0.0,0.0,0.2716133333333333,0.20371,0.607626188,0.591492356,0.571773228,0.577477108,0.730667028],"n_updates":1},"restaurant_low":{"A_inv":[[1.0,0.0,0.0,0.0,0.0,0.0,0.0,0.0,0.0,0.0,0.0,0.0,0.0,0.0,0.0,0.0,0.0,0.0,0.0,0.0],[0.0,0.8198114255065883,0.0,0.0,0.0,0.0,-0.11825303889144861,-0.061935535601962986,0.0,0.0,-0.11024344123025197,-0.06994513326315963,0.0,-0.06805394298935905,-0.04504714362335291,-0.07918846925184823,-0.16846791676937015,-0.12583050432984522,-0.1233594205578363,-0.17491730565509692],[0.0,0.0,1.0,0.0,0.0,0.0,0.0,0.0,0.0,0.0,0.0,0.0,0.0,0.0,0.0,0.0,0.0,0.0,0.0,0.0],[0.0,0.0,0.0,1.0,0.0,0.0,0.0,0.0,0.0,0.0,0.0,0.0,0.0,0.0,0.0,0.0,0.0,0.0,0.0,0.0],[0.0,0.0,0.0,0.0,1.0,0.0,0.0,0.0,0.0,0.0,0.0,0.0,0.0,0.0,0.0,0.0,0.0,0.0,0.0,0.0],[0.0,0.0,0.0,0.0,0.0,1.0,0.0,0.0,0.0,0.0,0.0,0.0,0.0,0.0,0.0,0.0,0.0,0.0,0.0,0.0],[0.0,-0.11825303889144861,0.0,0.0,0.0,0.0,0.6333167226098664,0.24843023849868487,0.0,0.0,-0.03156114990632976,-0.08669188898511888,0.0,0.004877089752135209,-0.02956325972286216,-0.0431460914024523,-0.10806985083294093,-0.07834403416017897,-0.08084386923144017,-0.11167395482344258],[0.0,-0.061935535601962986,0.0,0.0,0.0,0.0,0.24843023849868487,0.6896342258993521,0.0,0.0,-0.07868229132392222,0.016746755721959262,0.0,-0.07293103274149426,-0.015483883900490747,-0.03604237784939594,-0.06039806593642923,-0.047486470169666256,-0.04251555132639614,-0.06324335083165435],[0.0,0.0,0.0,0.0,0.0,0.0,0.0,0.0,1.0,0.0,0.0,0.0,0.0,0.0,0.0,0.0,0.0,0.0,0.0,0.0],[0.0,0.0,0.0,0.0,0.0,0.0,0.0,0.0,0.0,1.0,0.0,0.0,0.0,0.0,0.0,0.0,0.0,0.0,0.0,0.0],[0.0,-0.11024344123025197,0.0,0.0,0.0,0.0,-0.03156114990632976,-0.07868229132392222,0.0,0.0,0.6412813539036313,0.2484752048661167,0.0,-0.0581440357929416,-0.027560860307563,-0.050750652791468814,-0.09819908511053088,-0.0809240490393526,-0.07426241189416968,-0.11573845166626558],[0.0,-0.06994513326315963,0.0,0.0,0.0,0.0,-0.08669188898511888,0.016746755721959262,0.0,0.0,0.2484752048661167,0.6815796618707237,0.0,-0.00990990719641744,-0.017486283315789906,-0.028437816460379413,-0.07026883165883926,-0.04490645529049262,-0.04909700866366661,-0.05917885398883133],[0.0,0.0,0.0,0.0,0.0,0.0,0.0,0.0,0.0,0.0,0.0,0.0,1.0,0.0,0.0,0.0,0.0,0.0,0.0,0.0],[0.0,-0.06805394298935905,0.0,0.0,0.0,0.0,0.004877089752135209,-0.07293103274149426,0.0,0.0,-0.0581440357929416,-0.00990990719641744,0.0,0.9654905104531785,-0.01701348574733976,-0.03145529217683608,-0.06388002219056695,-0.04836103129520969,-0.046569165118222566,-0.06687369855734697],[0.0,-0.04504714362335291,0.0,0.0,0.0,0.0,-0.02956325972286216,-0.015483883900490747,0.0,0.0,-0.027560860307563,-0.017486283315789906,0.0,-0.01701348574733976,0.9887382140941618,-0.019797117312962062,-0.04211697919234254,-0.03145762608246131,-0.03083985513945908,-0.04372932641377423],[0.0,-0.07918846925184823,0.0,0.0,0.0,0.0,-0.0431460914024523,-0.03604237784939594,0.0,0.0,-0.050750652791468814,-0.028437816460379413,0.0,-0.03145529217683608,-0.019797117312962062,0.9649253937255756,-0.07409423226184597,-0.055441055384946515,-0.05421237409994063,-0.07699773058027568],[0.0,-0.16846791676937015,0.0,0.0,0.0,0.0,-0.10806985083294093,-0.06039806593642923,0.0,0.0,-0.09819908511053088,-0.07026883165883926,0.0,-0.06388002219056695,-0.04211697919234254,-0.07409423226184597,0.8423732669472573,-0.11762102259849329,-0.11535875402884149,-0.16341488898261972],[0.0,-0.12583050432984522,0.0,0.0,0.0,0.0,-0.07834403416017897,-0.047486470169666256,0.0,0.0,-0.0809240490393526,-0.04490645529049262,0.0,-0.04836103129520969,-0.03145762608246131,-0.055441055384946515,-0.11762102259849329,0.9120280571907291,-0.08613248648347112,-0.12229201723866187],[0.0,-0.1233594205578363,0.0,0.0,0.0,0.0,-0.08084386923144017,-0.04251555132639614,0.0,0.0,-0.07426241189416968,-0.04909700866366661,0.0,-0.046569165118222566,-0.03083985513945908,-0.05421237409994063,-0.11535875402884149,-0.08613248648347112,0.9155412268386407,-0.11971626526315275],[0.0,-0.17491730565509692,0.0,0.0,0.0,0.0,-0.11167395482344258,-0.06324335083165435,0.0,0.0,-0.11573845166626558,-0.05917885398883133,0.0,-0.06687369855734697,-0.04372932641377423,-0.07699773058027568,-0.16341488898261972,-0.12229201723866187,-0.11971626526315275,0.8299259719648057]],"b":[0.0,2.42876,0.0,0.0,0.0,0.0,1.81864,0.61012,0.0,0.0,1.82484,0.60392,0.0,0.8911426666666666,0.60719,1.0618931520000001,2.26205932,1.6971116800000001,1.661078552,2.366030296],"n_updates":4},"landmark_low":{"A_inv":[[1.0,0.0,0.0,0.0,0.0,0.0,0.0,0.0,0.0,0.0,0.0,0.0,0.0,0.0,0.0,0.0,0.0,0.0,0.0,0.0],[0.0,0.8594357895624931,0.0,0.0,0.0,0.0,-0.14056421043750683,0.0,0.0,0.0,-0.14056421043750683,0.0,0.0,-0.046854736812502275,-0.03514105260937671,-0.0596835637517654,-0.13076688497001263,-0.09580856583420466,-0.09623025846551718,-0.1378372647550192],[0.0,0.0,1.0,0.0,0.0,0.0,0.0,0.0,0.0,0.0,0.0,0.0,0.0,0.0,0.0,0.0,0.0,0.0,0.0,0.0],[0.0,0.0,0.0,1.0,0.0,0.0,0.0,0.0,0.0,0.0,0.0,0.0,0.0,0.0,0.0,0.0,0.0,0.0,0.0,0.0],[0.0,0.0,0.0,0.0,1.0,0.0,0.0,0.0,0.0,0.0,0.0,0.0,0.0,0.0,0.0,0.0,0.0,0.0,0.0,0.0],[0.0,0.0,0.0,0.0,0.0,1.0,0.0,0.0,0.0,0.0,0.0,0.0,0.0,0.0,0.0,0.0,0.0,0.0,0.0,0.0],[0.0,-0.14056421043750683,0.0,0.0,0.0,0.0,0.8594357895624931,0.0,0.0,0.0,-0.14056421043750683,0.0,0.0,-0.046854736812502275,-0.03514105260937671,-0.0596835637517654,-0.13076688497001263,-0.09580856583420466,-0.09623025846551718,-0.1378372647550192],[0.0,0.0,0.0,0.0,0.0,0.0,0.0,1.0,0.0,0.0,0.0,0.0,0.0,0.0,0.0,0.0,0.0,0.0,0.0,0.0],[0.0,0.0,0.0,0.0,0.0,0.0,0.0,0.0,1.0,0.0,0.0,0.0,0.0,0.0,0.0,0.0,0.0,0.0,0.0,0.0],[0.0,0.0,0.0,0.0,0.0,0.0,0.0,0.0,0.0,1.0,0.0,0.0,0.0,0.0,0.0,0.0,0.0,0.0,0.0,0.0],[0.0,-0.14056421043750683,0.0,0.0,0.0,0.0,-0.14056421043750683,0.0,0.0,0.0,0.8594357895624931,0.0,0.0,-0.046854736812502275,-0.03514105260937671,-0.0596835637517654,-0.13076688497001263,-0.09580856583420466,-0.09623025846551718,-0.1378372647550192],[0.0,0.0,0.0,0.0,0.0,0.0,0.0,0.0,0.0,0.0,0.0,1.0,0.0,0.0,0.0,0.0,0.0,0.0,0.0,0.0],[0.0,0.0,0.0,0.0,0.0,0.0,0.0,0.0,0.0,0.0,0.0,0.0,1.0,0.0,0.0,0.0,0.0,0.0,0.0,0.0],[0.0,-0.046854736812502275,0.0,0.0,0.0,0.0,-0.046854736812502275,0.0,0.0,0.0,-0.046854736812502275,0.0,0.0,0.9843817543958325,-0.011713684203125569,-0.019894521250588465,-0.04358896165667087,-0.03193618861140155,-0.03207675282183906,-0.04594575491833973],[0.0,-0.03514105260937671,0.0,0.0,0.0,0.0,-0.03514105260937671,0.0,0.0,0.0,-0.03514105260937671,0.0,0.0,-0.011713684203125569,0.9912147368476558,-0.01492089093794135,-0.032691721242503156,-0.023952141458551165,-0.024057564616379295,-0.0344593161887548],[0.0,-0.0596835637517654,0.0,0.0,0.0,0.0,-0.0596835637517654,0.0,0.0,0.0,-0.0596835637517654,0.0,0.0,-0.019894521250588465,-0.01492089093794135,0.9746583588310004,-0.05552361935826735,-0.0406803170532033,-0.04085936774445859,-0.058525702614981155],[0.0,-0.13076688497001263,0.0,0.0,0.0,0.0,-0.13076688497001263,0.0,0.0,0.0,-0.13076688497001263,0.0,0.0,-0.04358896165667087,-0.032691721242503156,-0.05552361935826735,0.8783475669123972,-0.08913070879556059,-0.08952300945047063,-0.12823000740159438],[0.0,-0.09580856583420466,0.0,0.0,0.0,0.0,-0.09580856583420466,0.0,0.0,0.0,-0.09580856583420466,0.0,0.0,-0.03193618861140155,-0.023952141458551165,-0.0406803170532033,-0.08913070879556059,0.9346968815274062,-0.06559054417009651,-0.09394987965702109],[0.0,-0.09623025846551718,0.0,0.0,0.0,0.0,-0.09623025846551718,0.0,0.0,0.0,-0.09623025846551718,0.0,0.0,-0.03207675282183906,-0.024057564616379295,-0.04085936774445859,-0.08952300945047063,-0.06559054417009651,0.9341207650545069,-0.09436339145128615],[0.0,-0.1378372647550192,0.0,0.0,0.0,0.0,-0.1378372647550192,0.0,0.0,0.0,-0.1378372647550192,0.0,0.0,-0.04594575491833973,-0.0344593161887548,-0.058525702614981155,-0.12823000740159438,-0.09394987965702109,-0.09436339145128615,0.8648367781812282]],"b":[0.0,0.60656,0.0,0.0,0.0,0.0,0.60656,0.0,0.0,0.0,0.60656,0.0,0.0,0.20218666666666665,0.15164,0.257545376,0.564282768,0.413431296,0.415250976,0.594792736],"n_updates":1},"museum_low":{"A_inv":[[1.0,0.0,0.0,0.0,0.0,0.0,0.0,0.0,0.0,0.0,0.0,0.0,0.0,0.0,0.0,0.0,0.0,0.0,0.0,0.0],[0.0,1.0,0.0,0.0,0.0,0.0,0.0,0.0,0.0,0.0,0.0,0.0,0.0,0.0,0.0,0.0,0.0,0.0,0.0,0.0],[0.0,0.0,1.0,0.0,0.0,0.0,0.0,0.0,0.0,0.0,0.0,0.0,0.0,0.0,0.0,0.0,0.0,0.0,0.0,0.0],[0.0,0.0,0.0,1.0,0.0,0.0,0.0,0.0,0.0,0.0,0.0,0.0,0.0,0.0,0.0,0.0,0.0,0.0,0.0,0.0],[0.0,0.0,0.0,0.0,0.8721461618531579,0.0,0.0,0.0,-0.12785383814684217,0.0,-0.12785383814684217,0.0,0.0,-0.06392691907342109,-0.031963459536710544,-0.10123466904466963,-0.11697347652054592,-0.10744836557860617,-0.07834883201638489,-0.12547575675731093],[0.0,0.0,0.0,0.0,0.0,1.0,0.0,0.0,0.0,0.0,0.0,0.0,0.0,0.0,0.0,0.0,0.0,0.0,0.0,0.0],[0.0,0.0,0.0,0.0,0.0,0.0,1.0,0.0,0.0,0.0,0.0,0.0,0.0,0.0,0.0,0.0,0.0,0.0,0.0,0.0],[0.0,0.0,0.0,0.0,0.0,0.0,0.0,1.0,0.0,0.0,0.0,0.0,0.0,0.0,0.0,0.0,0.0,0.0,0.0,0.0],[0.0,0.0,0.0,0.0,-0.12785383814684217,0.0,0.0,0.0,0.8721461618531579,0.0,-0.12785383814684217,0.0,0.0,-0.06392691907342109,-0.031963459536710544,-0.10123466904466963,-0.11697347652054592,-0.10744836557860617,-0.07834883201638489,-0.12547575675731093],[0.0,0.0,0.0,0.0,0.0,0.0,0.0,0.0,0.0,1.0,0.0,0.0,0.0,0.0,0.0,0.0,0.0,0.0,0.0,0.0],[0.0,0.0,0.0,0.0,-0.12785383814684217,0.0,0.0,0.0,-0.12785383814684217,0.0,0.8721461618531579,0.0,0.0,-0.06392691907342109,-0.031963459536710544,-0.10123466904466963,-0.11697347652054592,-0.10744836557860617,-0.07834883201638489,-0.12547575675731093],[0.0,0.0,0.0,0.0,0.0,0.0,0.0,0.0,0.0,0.0,0.0,1.0,0.0,0.0,0.0,0.0,0.0,0.0,0.0,0.0],[0.0,0.0,0.0,0.0,0.0,0.0,0.0,0.0,0.0,0.0,0.0,0.0,1.0,0.0,0.0,0.0,0.0,0.0,0.0,0.0],[0.0,0.0,0.0,0.0,-0.06392691907342109,0.0,0.0,0.0,-0.06392691907342109,0.0,-0.06392691907342109,0.0,0.0,0.9680365404632895,-0.015981729768355272,-0.050617334522334814,-0.05848673826027296,-0.053724182789303083,-0.03917441600819244,-0.06273787837865547],[0.0,0.0,0.0,0.0,-0.031963459536710544,0.0,0.0,0.0,-0.031963459536710544,0.0,-0.031963459536710544,0.0,0.0,-0.015981729768355272,0.9920091351158223,-0.025308667261167407,-0.02924336913013648,-0.026862091394651542,-0.01958720800409622,-0.03136893918932773],[0.0,0.0,0.0,0.0,-0.10123466904466963,0.0,0.0,0.0,-0.10123466904466963,0.0,-0.10123466904466963,0.0,0.0,-0.050617334522334814,-0.025308667261167407,0.9198423890504306,-0.09261959870896826,-0.08507761586514036,-0.06203660519057355,-0.09935170420043879],[0.0,0.0,0.0,0.0,-0.11697347652054592,0.0,0.0,0.0,-0.11697347652054592,0.0,-0.11697347652054592,0.0,0.0,-0.05848673826027296,-0.02924336913013648,-0.09261959870896826,0.8929809663313525,-0.09830450966786679,-0.07168134641179054,-0.11479776985726377],[0.0,0.0,0.0,0.0,-0.10744836557860617,0.0,0.0,0.0,-0.10744836557860617,0.0,-0.10744836557860617,0.0,0.0,-0.053724182789303083,-0.026862091394651542,-0.08507761586514036,-0.09830450966786679,0.9097003935677394,-0.06584435842656987,-0.1054498259788441],[0.0,0.0,0.0,0.0,-0.07834883201638489,0.0,0.0,0.0,-0.07834883201638489,0.0,-0.07834883201638489,0.0,0.0,-0.03917441600819244,-0.01958720800409622,-0.06203660519057355,-0.07168134641179054,-0.06584435842656987,0.9519878357403594,-0.07689154374088013],[0.0,0.0,0.0,0.0,-0.12547575675731093,0.0,0.0,0.0,-0.12547575675731093,0.0,-0.12547575675731093,0.0,0.0,-0.06273787837865547,-0.03136893918932773,-0.09935170420043879,-0.11479776985726377,-0.1054498259788441,-0.07689154374088013,0.8768580923183751]],"b":[0.0,0.0,0.0,0.0,0.84364,0.0,0.0,0.0,0.84364,0.0,0.84364,0.0,0.0,0.42182,0.21091,0.6679941519999999,0.771846236,0.708995056,0.516982592,0.827948296],"n_updates":1},"cafe_low":{"A_inv":[[0.7693680704157552,0.08403635918379417,0.08344060798007245,0.0,0.0,0.0,0.16747696716386656,0.0,-0.23063192958424497,0.0,-0.04350995723140619,-0.019645005188972105,0.0,-0.02236132115272424,0.02593156338494164,-0.07519695878746818,-0.055201959159140106,-0.07102187038842912,-0.06041721209738019,-0.06148557826113472],[0.08403635918379417,0.5570027307431209,0.2857751433490917,0.0,0.0,0.0,-0.1572221259077875,0.0,0.08403635918379417,0.0,-0.06524245055393472,-0.0079433161700586,0.0,-0.02492480998600167,0.12459112999354746,0.019085662166253507,-0.07172047046386375,-0.03069168614728373,-0.08406708265417212,-0.07244233060986031],[0.08344060798007245,0.2857751433490917,0.566870076739003,0.0,0.0,0.0,-0.1473547799119055,0.0,0.08344060798007245,0.0,-0.007883410601190171,-0.056030761330642886,0.0,-0.025040108065987225,-0.23254350461345683,-0.04765896413019402,-0.05799435903478442,-0.045782211283057914,0.00865747083716149,-0.059635740793970805],[0.0,0.0,0.0,1.0,0.0,0.0,0.0,0.0,0.0,0.0,0.0,0.0,0.0,0.0,0.0,0.0,0.0,0.0,0.0,0.0],[0.0,0.0,0.0,0.0,1.0,0.0,0.0,0.0,0.0,0.0,0.0,0.0,0.0,0.0,0.0,0.0,0.0,0.0,0.0,0.0],[0.0,0.0,0.0,0.0,0.0,1.0,0.0,0.0,0.0,0.0,0.0,0.0,0.0,0.0,0.0,0.0,0.0,0.0,0.0,0.0],[0.16747696716386656,-0.1572221259077875,-0.1473547799119055,0.0,0.0,0.0,0.6954230941803069,0.0,0.16747696716386656,0.0,-0.07312586115512491,-0.06397407750070147,0.0,-0.0499649180519889,-0.10795237461990934,-0.028573301963940503,-0.12971482949864815,-0.07647389743034164,-0.07540961181701063,-0.13207807140383104],[0.0,0.0,0.0,0.0,0.0,0.0,0.0,1.0,0.0,0.0,0.0,0.0,0.0,0.0,0.0,0.0,0.0,0.0,0.0,0.0],[-0.23063192958424497,0.08403635918379417,0.08344060798007245,0.0,0.0,0.0,0.16747696716386656,0.0,0.7693680704157552,0.0,-0.04350995723140619,-0.019645005188972105,0.0,-0.02236132115272424,0.02593156338494164,-0.07519695878746818,-0.055201959159140106,-0.07102187038842912,-0.06041721209738019,-0.06148557826113472],[0.0,0.0,0.0,0.0,0.0,0.0,0.0,0.0,0.0,1.0,0.0,0.0,0.0,0.0,0.0,0.0,0.0,0.0,0.0,0.0],[-0.04350995723140619,-0.06524245055393472,-0.007883410601190171,0.0,0.0,0.0,-0.07312586115512491,0.0,-0.04350995723140619,0.0,0.5322680837230264,0.35109609789044244,0.0,-0.015472199602814186,-0.03310065989722786,-0.07752606156148698,-0.11306351640905964,-0.0840434549400994,-0.051446447715692456,-0.1277724484434468],[-0.019645005188972105,-0.0079433161700586,-0.056030761330642886,0.0,0.0,0.0,-0.06397407750070147,0.0,-0.019645005188972105,0.0,0.35109609789044244,0.5652848194198841,0.0,-0.05685403960189894,-0.04892015133773984,-0.0262441991899217,-0.07185327224872863,-0.06345231287867135,-0.08438037619869837,-0.065791201221519],[0.0,0.0,0.0,0.0,0.0,0.0,0.0,0.0,0.0,0.0,0.0,0.0,1.0,0.0,0.0,0.0,0.0,0.0,0.0,0.0],[-0.02236132115272424,-0.02492480998600167,-0.025040108065987225,0.0,0.0,0.0,-0.0499649180519889,0.0,-0.02236132115272424,0.0,-0.015472199602814186,-0.05685403960189894,0.0,0.9721009842916358,-0.030601613834171894,-0.03633970019646434,-0.06642914770251133,-0.05339541013150168,-0.05090096638471017,-0.06890729663642318],[0.02593156338494164,0.12459112999354746,-0.23254350461345683,0.0,0.0,0.0,-0.10795237461990934,0.0,0.02593156338494164,0.0,-0.03310065989722786,-0.04892015133773984,0.0,-0.030601613834171894,0.8632230448845296,-0.049772047252949175,-0.07522637668183926,-0.05976504759622166,-0.02962797056001696,-0.07820878281322685],[-0.07519695878746818,0.019085662166253507,-0.04765896413019402,0.0,0.0,0.0,-0.028573301963940503,0.0,-0.07519695878746818,0.0,-0.07752606156148698,-0.0262441991899217,0.0,-0.03633970019646434,-0.049772047252949175,0.9323587227913434,-0.0953256455904624,-0.08239303668739519,-0.06818164190891139,-0.10094598514170923],[-0.055201959159140106,-0.07172047046386375,-0.05799435903478442,0.0,0.0,0.0,-0.12971482949864815,0.0,-0.055201959159140106,0.0,-0.11306351640905964,-0.07185327224872863,0.0,-0.06642914770251133,-0.07522637668183926,-0.0953256455904624,0.826895941114821,-0.13682019365429576,-0.12823309409542094,-0.17993701081949123],[-0.07102187038842912,-0.03069168614728373,-0.045782211283057914,0.0,0.0,0.0,-0.07647389743034164,0.0,-0.07102187038842912,0.0,-0.0840434549400994,-0.06345231287867135,0.0,-0.05339541013150168,-0.05976504759622166,-0.08239303668739519,-0.13682019365429576,0.8876523306992928,-0.10253666867151119,-0.1429786305075778],[-0.06041721209738019,-0.08406708265417212,0.00865747083716149,0.0,0.0,0.0,-0.07540961181701063,0.0,-0.06041721209738019,0.0,-0.051446447715692456,-0.08438037619869837,0.0,-0.05090096638471017,-0.02962797056001696,-0.06818164190891139,-0.12823309409542094,-0.10253666867151119,0.8934437195901356,-0.1318211664822281],[-0.06148557826113472,-0.07244233060986031,-0.059635740793970805,0.0,0.0,0.0,-0.13207807140383104,0.0,-0.06148557826113472,0.0,-0.1277724484434468,-0.065791201221519,0.0,-0.06890729663642318,-0.07820878281322685,-0.10094598514170923,-0.17993701081949123,-0.1429786305075778,-0.1318211664822281,0.8118896746979414]],"b":[0.76376,1.7032800000000001,5.37964,0.0,0.0,0.0,7.08292,0.0,0.76376,0.0,6.033719999999999,1.8129600000000001,0.0,2.736424,4.65149,4.002501748,7.325412592,5.656043028000001,4.873874572,7.65336874],"n_updates":13},"museum_medium":{"A_inv":[[1.0,0.0,0.0,0.0,0.0,0.0,0.0,0.0,0.0,0.0,0.0,0.0,0.0,0.0,0.0,0.0,0.0,0.0,0.0,0.0],[0.0,1.0,0.0,0.0,0.0,0.0,0.0,0.0,0.0,0.0,0.0,0.0,0.0,0.0,0.0,0.0,0.0,0.0,0.0,0.0],[0.0,0.0,1.0,0.0,0.0,0.0,0.0,0.0,0.0,0.0,0.0,0.0,0.0,0.0,0.0,0.0,0.0,0.0,0.0,0.0],[0.0,0.0,0.0,1.0,0.0,0.0,0.0,0.0,0.0,0.0,0.0,0.0,0.0,0.0,0.0,0.0,0.0,0.0,0.0,0.0],[0.0,0.0,0.0,0.0,1.0,0.0,0.0,0.0,0.0,0.0,0.0,0.0,0.0,0.0,0.0,0.0,0.0,0.0,0.0,0.0],[0.0,0.0,0.0,0.0,0.0,1.0,0.0,0.0,0.0,0.0,0.0,0.0,0.0,0.0,0.0,0.0,0.0,0.0,0.0,0.0],[0.0,0.0,0.0,0.0,0.0,0.0,1.0,0.0,0.0,0.0,0.0,0.0,0.0,0.0,0.0,0.0,0.0,0.0,0.0,0.0],[0.0,0.0,0.0,0.0,0.0,0.0,0.0,1.0,0.0,0.0,0.0,0.0,0.0,0.0,0.0,0.0,0.0,0.0,0.0,0.0],[0.0,0.0,0.0,0.0,0.0,0.0,0.0,0.0,1.0,0.0,0.0,0.0,0.0,0.0,0.0,0.0,0.0,0.0,0.0,0.0],[0.0,0.0,0.0,0.0,0.0,0.0,0.0,0.0,0.0,1.0,0.0,0.0,0.0,0.0,0.0,0.0,0.0,0.0,0.0,0.0],[0.0,0.0,0.0,0.0,0.0,0.0,0.0,0.0,0.0,0.0,1.0,0.0,0.0,0.0,0.0,0.0,0.0,0.0,0.0,0.0],[0.0,0.0,0.0,0.0,0.0,0.0,0.0,0.0,0.0,0.0,0.0,1.0,0.0,0.0,0.0,0.0,0.0,0.0,0.0,0.0],[0.0,0.0,0.0,0.0,0.0,0.0,0.0,0.0,0.0,0.0,0.0,0.0,1.0,0.0,0.0,0.0,0.0,0.0,0.0,0.0],[0.0,0.0,0.0,0.0,0.0,0.0,0.0,0.0,0.0,0.0,0.0,0.0,0.0,1.0,0.0,0.0,0.0,0.0,0.0,0.0],[0.0,0.0,0.0,0.0,0.0,0.0,0.0,0.0,0.0,0.0,0.0,0.0,0.0,0.0,1.0,0.0,0.0,0.0,0.0,0.0],[0.0,0.0,0.0,0.0,0.0,0.0,0.0,0.0,0.0,0.0,0.0,0.0,0.0,0.0,0.0,1.0,0.0,0.0,0.0,0.0],[0.0,0.0,0.0,0.0,0.0,0.0,0.0,0.0,0.0,0.0,0.0,0.0,0.0,0.0,0.0,0.0,1.0,0.0,0.0,0.0],[0.0,0.0,0.0,0.0,0.0,0.0,0.0,0.0,0.0,0.0,0.0,0.0,0.0,0.0,0.0,0.0,0.0,1.0,0.0,0.0],[0.0,0.0,0.0,0.0,0.0,0.0,0.0,0.0,0.0,0.0,0.0,0.0,0.0,0.0,0.0,0.0,0.0,0.0,1.0,0.0],[0.0,0.0,0.0,0.0,0.0,0.0,0.0,0.0,0.0,0.0,0.0,0.0,0.0,0.0,0.0,0.0,0.0,0.0,0.0,1.0]],"b":[0.0,0.0,0.0,0.0,0.0,0.0,0.0,0.0,0.0,0.0,0.0,0.0,0.0,0.0,0.0,0.0,0.0,0.0,0.0,0.0],"n_updates":0},"restaurant_medium":{"A_inv":[[1.0,0.0,0.0,0.0,0.0,0.0,0.0,0.0,0.0,0.0,0.0,0.0,0.0,0.0,0.0,0.0,0.0,0.0,0.0,0.0],[0.0,1.0,0.0,0.0,0.0,0.0,0.0,0.0,0.0,0.0,0.0,0.0,0.0,0.0,0.0,0.0,0.0,0.0,0.0,0.0],[0.0,0.0,1.0,0.0,0.0,0.0,0.0,0.0,0.0,0.0,0.0,0.0,0.0,0.0,0.0,0.0,0.0,0.0,0.0,0.0],[0.0,0.0,0.0,1.0,0.0,0.0,0.0,0.0,0.0,0.0,0.0,0.0,0.0,0.0,0.0,0.0,0.0,0.0,0.0,0.0],[0.0,0.0,0.0,0.0,1.0,0.0,0.0,0.0,0.0,0.0,0.0,0.0,0.0,0.0,0.0,0.0,0.0,0.0,0.0,0.0],[0.0,0.0,0.0,0.0,0.0,1.0,0.0,0.0,0.0,0.0,0.0,0.0,0.0,0.0,0.0,0.0,0.0,0.0,0.0,0.0],[0.0,0.0,0.0,0.0,0.0,0.0,1.0,0.0,0.0,0.0,0.0,0.0,0.0,0.0,0.0,0.0,0.0,0.0,0.0,0.0],[0.0,0.0,0.0,0.0,0.0,0.0,0.0,1.0,0.0,0.0,0.0,0.0,0.0,0.0,0.0,0.0,0.0,0.0,0.0,0.0],[0.0,0.0,0.0,0.0,0.0,0.0,0.0,0.0,1.0,0.0,0.0,0.0,0.0,0.0,0.0,0.0,0.0,0.0,0.0,0.0],[0.0,0.0,0.0,0.0,0.0,0.0,0.0,0.0,0.0,1.0,0.0,0.0,0.0,0.0,0.0,0.0,0.0,0.0,0.0,0.0],[0.0,0.0,0.0,0.0,0.0,0.0,0.0,0.0,0.0,0.0,1.0,0.0,0.0,0.0,0.0,0.0,0.0,0.0,0.0,0.0],[0.0,0.0,0.0,0.0,0.0,0.0,0.0,0.0,0.0,0.0,0.0,1.0,0.0,0.0,0.0,0.0,0.0,0.0,0.0,0.0],[0.0,0.0,0.0,0.0,0.0,0.0,0.0,0.0,0.0,0.0,0.0,0.0,1.0,0.0,0.0,0.0,0.0,0.0,0.0,0.0],[0.0,0.0,0.0,0.0,0.0,0.0,0.0,0.0,0.0,0.0,0.0,0.0,0.0,1.0,0.0,0.0,0.0,0.0,0.0,0.0],[0.0,0.0,0.0,0.0,0.0,0.0,0.0,0.0,0.0,0.0,0.0,0.0,0.0,0.0,1.0,0.0,0.0,0.0,0.0,0.0],[0.0,0.0,0.0,0.0,0.0,0.0,0.0,0.0,0.0,0.0,0.0,0.0,0.0,0.0,0.0,1.0,0.0,0.0,0.0,0.0],[0.0,0.0,0.0,0.0,0.0,0.0,0.0,0.0,0.0,0.0,0.0,0.0,0.0,0.0,0.0,0.0,1.0,0.0,0.0,0.0],[0.0,0.0,0.0,0.0,0.0,0.0,0.0,0.0,0.0,0.0,0.0,0.0,0.0,0.0,0.0,0.0,0.0,1.0,0.0,0.0],[0.0,0.0,0.0,0.0,0.0,0.0,0.0,0.0,0.0,0.0,0.0,0.0,0.0,0.0,0.0,0.0,0.0,0.0,1.0,0.0],[0.0,0.0,0.0,0.0,0.0,0.0,0.0,0.0,0.0,0.0,0.0,0.0,0.0,0.0,0.0,0.0,0.0,0.0,0.0,1.0]],"b":[0.0,0.0,0.0,0.0,0.0,0.0,0.0,0.0,0.0,0.0,0.0,0.0,0.0,0.0,0.0,0.0,0.0,0.0,0.0,0.0],"n_updates":0},"cafe_medium":{"A_inv":[[0.8639634830430121,0.0,0.0,0.0,0.0,0.0,0.0,0.0,-0.13603651695698787,0.0,-0.13603651695698787,0.0,0.0,-0.04081095508709636,0.0,-0.08333597028785078,-0.12143979868750308,-0.10940056693680965,-0.09594655540976355,-0.1322138908304965],[0.0,1.0,0.0,0.0,0.0,0.0,0.0,0.0,0.0,0.0,0.0,0.0,0.0,0.0,0.0,0.0,0.0,0.0,0.0,0.0],[0.0,0.0,1.0,0.0,0.0,0.0,0.0,0.0,0.0,0.0,0.0,0.0,0.0,0.0,0.0,0.0,0.0,0.0,0.0,0.0],[0.0,0.0,0.0,1.0,0.0,0.0,0.0,0.0,0.0,0.0,0.0,0.0,0.0,0.0,0.0,0.0,0.0,0.0,0.0,0.0],[0.0,0.0,0.0,0.0,1.0,0.0,0.0,0.0,0.0,0.0,0.0,0.0,0.0,0.0,0.0,0.0,0.0,0.0,0.0,0.0],[0.0,0.0,0.0,0.0,0.0,1.0,0.0,0.0,0.0,0.0,0.0,0.0,0.0,0.0,0.0,0.0,0.0,0.0,0.0,0.0],[0.0,0.0,0.0,0.0,0.0,0.0,1.0,0.0,0.0,0.0,0.0,0.0,0.0,0.0,0.0,0.0,0.0,0.0,0.0,0.0],[0.0,0.0,0.0,0.0,0.0,0.0,0.0,1.0,0.0,0.0,0.0,0.0,0.0,0.0,0.0,0.0,0.0,0.0,0.0,0.0],[-0.13603651695698787,0.0,0.0,0.0,0.0,0.0,0.0,0.0,0.8639634830430121,0.0,-0.13603651695698787,0.0,0.0,-0.04081095508709636,0.0,-0.08333597028785078,-0.12143979868750308,-0.10940056693680965,-0.09594655540976355,-0.1322138908304965],[0.0,0.0,0.0,0.0,0.0,0.0,0.0,0.0,0.0,1.0,0.0,0.0,0.0,0.0,0.0,0.0,0.0,0.0,0.0,0.0],[-0.13603651695698787,0.0,0.0,0.0,0.0,0.0,0.0,0.0,-0.13603651695698787,0.0,0.8639634830430121,0.0,0.0,-0.04081095508709636,0.0,-0.08333597028785078,-0.12143979868750308,-0.10940056693680965,-0.09594655540976355,-0.1322138908304965],[0.0,0.0,0.0,0.0,0.0,0.0,0.0,0.0,0.0,0.0,0.0,1.0,0.0,0.0,0.0,0.0,0.0,0.0,0.0,0.0],[0.0,0.0,0.0,0.0,0.0,0.0,0.0,0.0,0.0,0.0,0.0,0.0,1.0,0.0,0.0,0.0,0.0,0.0,0.0,0.0],[-0.04081095508709636,0.0,0.0,0.0,0.0,0.0,0.0,0.0,-0.04081095508709636,0.0,-0.04081095508709636,0.0,0.0,0.9877567134738711,0.0,-0.02500079108635523,-0.03643193960625092,-0.0328201700810429,-0.028783966622929064,-0.03966416724914895],[0.0,0.0,0.0,0.0,0.0,0.0,0.0,0.0,0.0,0.0,0.0,0.0,0.0,0.0,1.0,0.0,0.0,0.0,0.0,0.0],[-0.08333597028785078,0.0,0.0,0.0,0.0,0.0,0.0,0.0,-0.08333597028785078,0.0,-0.08333597028785078,0.0,0.0,-0.02500079108635523,0.0,0.9489483846016626,-0.07439402067596439,-0.0670187873054896,-0.05877685984402115,-0.08099422952276217],[-0.12143979868750308,0.0,0.0,0.0,0.0,0.0,0.0,0.0,-0.12143979868750308,0.0,-0.12143979868750308,0.0,0.0,-0.03643193960625092,0.0,-0.07439402067596439,0.891590691711666,-0.09766188610448998,-0.08565149001429594,-0.11802734034438424],[-0.10940056693680965,0.0,0.0,0.0,0.0,0.0,0.0,0.0,-0.10940056693680965,0.0,-0.10940056693680965,0.0,0.0,-0.0328201700810429,0.0,-0.0670187873054896,-0.09766188610448998,0.9120200640694177,-0.07716021986053186,-0.1063264110058853],[-0.09594655540976355,0.0,0.0,0.0,0.0,0.0,0.0,0.0,-0.09594655540976355,0.0,-0.09594655540976355,0.0,0.0,-0.028783966622929064,0.0,-0.05877685984402115,-0.08565149001429594,-0.07716021986053186,0.9323288944694937,-0.09325045720274919],[-0.1322138908304965,0.0,0.0,0.0,0.0,0.0,0.0,0.0,-0.1322138908304965,0.0,-0.1322138908304965,0.0,0.0,-0.03966416724914895,0.0,-0.08099422952276217,-0.11802734034438424,-0.1063264110058853,-0.09325045720274919,0.8715013195018404]],"b":[0.74612,0.0,0.0,0.0,0.0,0.0,0.0,0.0,0.74612,0.0,0.74612,0.0,0.0,0.223836,0.0,0.457073112,0.6660613240000001,0.600029704,0.5262384360000001,0.725154028],"n_updates":1},"bookstore_low":{"A_inv":[[0.8234062609027686,0.0,0.0,0.0,0.0,0.0,-0.0810258076896587,0.0,-0.09556793140757268,0.0,-0.09846886601424032,-0.07812487308299104,0.0,-0.05562355754212152,-0.018563791929757895,-0.12006222622298698,-0.16207725848976773,-0.1390995308927424,-0.12851733566740647,-