{"park_low":{"A_inv":[[0.39684344855090076,0.3059490611216083,0.23222920191199348,0.0,0.0,0.0,-0.062372579718821305,-0.0026057086966759027,0.0,0.0,-0.08205939330446978,0.017081104888972555,0.0,0.009394295006864225,0.04608162367289614,-0.09831549469910729,-0.06437089029862632,-0.05859388909616681,-0.03021026507315633,-0.06644185589727422],[0.3059490611216083,0.3559087510333447,0.23942895119428878,0.0,0.0,0.0,-0.045173983972302774,-0.05353925267845539,0.0,0.0,-0.05921287371532195,-0.03950036293543622,0.0,-0.021166889831296037,0.05241058413930167,0.05340408771764751,-0.0849160490398339,-0.04054727331527869,-0.07242905413902577,-0.09256944983399212],[0.23222920191199348,0.23942895119428878,0.4798631289461441,0.0,0.0,0.0,-0.025055592526921147,-0.02342312542065261,0.0,0.0,0.031629053381735855,-0.08010777132930956,0.0,-0.07207551411212558,-0.17103406877430072,-0.0721385694068278,-0.03894477220289576,-0.061480251404243104,-0.003503335554236627,-0.043581992831109896],[0.0,0.0,0.0,1.0,0.0,0.0,0.0,0.0,0.0,0.0,0.0,0.0,0.0,0.0,0.0,0.0,0.0,0.0,0.0,0.0],[0.0,0.0,0.0,0.0,1.0,0.0,0.0,0.0,0.0,0.0,0.0,0.0,0.0,0.0,0.0,0.0,0.0,0.0,0.0,0.0],[0.0,0.0,0.0,0.0,0.0,1.0,0.0,0.0,0.0,0.0,0.0,0.0,0.0,0.0,0.0,0.0,0.0,0.0,0.0,0.0],[-0.062372579718821305,-0.045173983972302774,-0.025055592526921147,0.0,0.0,0.0,0.5111807366100038,0.35621710717195093,0.0,0.0,-0.051374680419076064,-0.08122747579896915,0.0,0.013721182754194821,-0.04425724552083715,-0.08039198503461337,-0.10064245010449847,-0.09972949520292664,-0.07261989259192485,-0.11894379909835362],[-0.0026057086966759027,-0.05353925267845539,-0.02342312542065261,0.0,0.0,0.0,0.35621710717195093,0.5642148060322653,0.0,0.0,-0.05826853321897987,-0.021299553576804058,0.0,-0.09756929169075217,-0.028284615441265686,-0.03665799135367421,-0.08758926143685745,-0.06089191861276212,-0.033522762174493764,-0.08364949946402273],[0.0,0.0,0.0,0.0,0.0,0.0,0.0,0.0,1.0,0.0,0.0,0.0,0.0,0.0,0.0,0.0,0.0,0.0,0.0,0.0],[0.0,0.0,0.0,0.0,0.0,0.0,0.0,0.0,0.0,1.0,0.0,0.0,0.0,0.0,0.0,0.0,0.0,0.0,0.0,0.0],[-0.08205939330446978,-0.05921287371532195,0.031629053381735855,0.0,0.0,0.0,-0.051374680419076064,-0.05826853321897987,0.0,0.0,0.502965990168645,0.38739079619329914,0.0,-0.053553576160235206,-0.0210004807714792,-0.06523508611974689,-0.09205737543180965,-0.08110670142529107,-0.05777103233336835,-0.11769197241659726],[0.017081104888972555,-0.03950036293543622,-0.08010777132930956,0.0,0.0,0.0,-0.08122747579896915,-0.021299553576804058,0.0,0.0,0.38739079619329914,0.5100821744309273,0.0,-0.030294532776322085,-0.051541380190623556,-0.05181489026854079,-0.09617433610954627,-0.07951471239039774,-0.048371622433050314,-0.08490132614577901],[0.0,0.0,0.0,0.0,0.0,0.0,0.0,0.0,0.0,0.0,0.0,0.0,1.0,0.0,0.0,0.0,0.0,0.0,0.0,0.0],[0.009394295006864225,-0.021166889831296037,-0.07207551411212558,0.0,0.0,0.0,0.013721182754194821,-0.09756929169075217,0.0,0.0,-0.053553576160235206,-0.030294532776322085,0.0,0.8991748007905604,-0.04354032583029431,-0.04468233767703332,-0.05415247820030431,-0.05392650294947025,-0.06837440812853897,-0.07557346219787472],[0.04608162367289614,0.05241058413930167,-0.17103406877430072,0.0,0.0,0.0,-0.04425724552083715,-0.028284615441265686,0.0,0.0,-0.0210004807714792,-0.051541380190623556,0.0,-0.04354032583029431,0.851706612784081,0.00959051325197045,-0.06737697716252115,-0.037421196295351226,-0.04187821696544964,-0.06921187401374684],[-0.09831549469910729,0.05340408771764751,-0.0721385694068278,0.0,0.0,0.0,-0.08039198503461337,-0.03665799135367421,0.0,0.0,-0.06523508611974689,-0.05181489026854079,0.0,-0.04468233767703332,0.00959051325197045,0.8587902900416705,-0.10099103900799784,-0.1182303107337857,-0.037172282350645,-0.11149013533689633],[-0.06437089029862632,-0.0849160490398339,-0.03894477220289576,0.0,0.0,0.0,-0.10064245010449847,-0.08758926143685745,0.0,0.0,-0.09205737543180965,-0.09617433610954627,0.0,-0.05415247820030431,-0.06737697716252115,-0.10099103900799784,0.8003037053418331,-0.1453389697410273,-0.1281845570830861,-0.18994476957342987],[-0.05859388909616681,-0.04054727331527869,-0.061480251404243104,0.0,0.0,0.0,-0.09972949520292664,-0.06089191861276212,0.0,0.0,-0.08110670142529107,-0.07951471239039774,0.0,-0.05392650294947025,-0.037421196295351226,-0.1182303107337857,-0.1453389697410273,0.8618881721179447,-0.04997598533584544,-0.154418300934141],[-0.03021026507315633,-0.07242905413902577,-0.003503335554236627,0.0,0.0,0.0,-0.07261989259192485,-0.033522762174493764,0.0,0.0,-0.05777103233336835,-0.048371622433050314,0.0,-0.06837440812853897,-0.04187821696544964,-0.037172282350645,-0.1281845570830861,-0.04997598533584544,0.7383109653138922,-0.11267206376857215],[-0.06644185589727422,-0.09256944983399212,-0.043581992831109896,0.0,0.0,0.0,-0.11894379909835362,-0.08364949946402273,0.0,0.0,-0.11769197241659726,-0.08490132614577901,0.0,-0.07557346219787472,-0.06921187401374684,-0.11149013533689633,-0.18994476957342987,-0.154418300934141,-0.11267206376857215,0.8026782937335957]],"b":[44.60052000000002,10.761840000000001,4.87876,0.0,0.0,0.0,58.40408000000001,1.83704,0.0,0.0,52.23548000000001,8.00564,0.0,19.77022266666667,16.58346,38.147535395999995,55.966795687999976,46.085842388,39.998968508000004,59.02828202000001],"n_updates":82},"park_medium":{"A_inv":[[0.7477503052826776,0.0,0.14459693537650414,0.0,0.0,0.0,-0.10765275934081839,0.0,0.0,0.0,-0.2522496947173225,0.14459693537650414,0.0,-0.0010581988842089107,0.009236044008921432,-0.06916892962380436,-0.09609474969937679,-0.0780282830016836,-0.05645179173410042,-0.10671535364826738],[0.0,1.0,0.0,0.0,0.0,0.0,0.0,0.0,0.0,0.0,0.0,0.0,0.0,0.0,0.0,0.0,0.0,0.0,0.0,0.0],[0.14459693537650414,0.0,0.7850229662245175,0.0,0.0,0.0,-0.07038009839897835,0.0,0.0,0.0,0.14459693537650414,-0.2149770337754825,0.0,-0.05160325651634971,-0.07133928304361521,-0.051200308842804805,-0.06301399190369703,-0.06109850529809955,-0.048055049890073115,-0.06258135418296872],[0.0,0.0,0.0,1.0,0.0,0.0,0.0,0.0,0.0,0.0,0.0,0.0,0.0,0.0,0.0,0.0,0.0,0.0,0.0,0.0],[0.0,0.0,0.0,0.0,1.0,0.0,0.0,0.0,0.0,0.0,0.0,0.0,0.0,0.0,0.0,0.0,0.0,0.0,0.0,0.0],[0.0,0.0,0.0,0.0,0.0,1.0,0.0,0.0,0.0,0.0,0.0,0.0,0.0,0.0,0.0,0.0,0.0,0.0,0.0,0.0],[-0.10765275934081839,0.0,-0.07038009839897835,0.0,0.0,0.0,0.8219671422602033,0.0,0.0,0.0,-0.10765275934081839,-0.07038009839897835,0.0,-0.05266145540055862,-0.06210323903469378,-0.12036923846660916,-0.1591087416030738,-0.13912678829978314,-0.10450684162417354,-0.1692967078312361],[0.0,0.0,0.0,0.0,0.0,0.0,0.0,1.0,0.0,0.0,0.0,0.0,0.0,0.0,0.0,0.0,0.0,0.0,0.0,0.0],[0.0,0.0,0.0,0.0,0.0,0.0,0.0,0.0,1.0,0.0,0.0,0.0,0.0,0.0,0.0,0.0,0.0,0.0,0.0,0.0],[0.0,0.0,0.0,0.0,0.0,0.0,0.0,0.0,0.0,1.0,0.0,0.0,0.0,0.0,0.0,0.0,0.0,0.0,0.0,0.0],[-0.2522496947173225,0.0,0.14459693537650414,0.0,0.0,0.0,-0.10765275934081839,0.0,0.0,0.0,0.7477503052826776,0.14459693537650414,0.0,-0.0010581988842089177,0.009236044008921439,-0.06916892962380433,-0.09609474969937679,-0.0780282830016836,-0.05645179173410041,-0.10671535364826736],[0.14459693537650414,0.0,-0.2149770337754825,0.0,0.0,0.0,-0.07038009839897835,0.0,0.0,0.0,0.14459693537650414,0.7850229662245175,0.0,-0.05160325651634971,-0.07133928304361521,-0.051200308842804805,-0.06301399190369703,-0.06109850529809955,-0.048055049890073115,-0.06258135418296872],[0.0,0.0,0.0,0.0,0.0,0.0,0.0,0.0,0.0,0.0,0.0,0.0,1.0,0.0,0.0,0.0,0.0,0.0,0.0,0.0],[-0.0010581988842089107,0.0,-0.05160325651634971,0.0,0.0,0.0,-0.05266145540055862,0.0,0.0,0.0,-0.0010581988842089177,-0.05160325651634971,0.0,0.9662044924678641,-0.026066177979227084,-0.03622914073773528,-0.04548440407069706,-0.042235304534418046,-0.032051213839724854,-0.05022093473403974],[0.009236044008921432,0.0,-0.07133928304361521,0.0,0.0,0.0,-0.06210323903469378,0.0,0.0,0.0,0.009236044008921439,-0.07133928304361521,0.0,-0.026066177979227084,0.9666393694804227,-0.04289238682735349,-0.055530683376692716,-0.05005632339947067,-0.03814047287856166,-0.05796951550355119],[-0.06916892962380436,0.0,-0.051200308842804805,0.0,0.0,0.0,-0.12036923846660916,0.0,0.0,0.0,-0.06916892962380433,-0.051200308842804805,0.0,-0.03622914073773528,-0.04289238682735349,0.9185476057469975,-0.10757313900950727,-0.09418258435544156,-0.07078810328942298,-0.11438064976079297],[-0.09609474969937679,0.0,-0.06301399190369703,0.0,0.0,0.0,-0.1591087416030738,0.0,0.0,0.0,-0.09609474969937679,-0.06301399190369703,0.0,-0.04548440407069706,-0.055530683376692716,-0.10757313900950727,0.857609561474141,-0.12433237512645921,-0.09339876610288486,-0.15119424859246738],[-0.0780282830016836,0.0,-0.06109850529809955,0.0,0.0,0.0,-0.13912678829978314,0.0,0.0,0.0,-0.0780282830016836,-0.06109850529809955,0.0,-0.042235304534418046,-0.05005632339947067,-0.09418258435544156,-0.12433237512645921,0.8910778034217799,-0.08188849575363058,-0.13216333064871036],[-0.05645179173410042,0.0,-0.048055049890073115,0.0,0.0,0.0,-0.10450684162417354,0.0,0.0,0.0,-0.05645179173410041,-0.048055049890073115,0.0,-0.032051213839724854,-0.03814047287856166,-0.07078810328942298,-0.09339876610288486,-0.08188849575363058,0.9384106821208462,-0.09922406343619924],[-0.10671535364826738,0.0,-0.06258135418296872,0.0,0.0,0.0,-0.1692967078312361,0.0,0.0,0.0,-0.10671535364826736,-0.06258135418296872,0.0,-0.05022093473403974,-0.05796951550355119,-0.11438064976079297,-0.15119424859246738,-0.13216333064871036,-0.09922406343619924,0.8388538672472061]],"b":[3.00652,0.0,0.74224,0.0,0.0,0.0,3.74876,0.0,0.0,0.0,3.00652,0.74224,0.0,1.0010053333333333,1.12275,2.520301952,3.348150336,2.905509488,2.1739410279999998,3.5828821879999997],"n_updates":5},"bookstore_medium":{"A_inv":[[0.598687366700367,0.0,0.0,0.0,0.2976199691598101,0.0,-0.16580667583499126,0.0,0.0621140116951683,0.0,-0.10369266413982299,0.0,0.0,0.03184665493003671,0.03295332333120467,-0.04851921745628331,-0.09927957879170579,-0.07267129194745384,-0.07905843586123161,-0.10129472434174866],[0.0,1.0,0.0,0.0,0.0,0.0,0.0,0.0,0.0,0.0,0.0,0.0,0.0,0.0,0.0,0.0,0.0,0.0,0.0,0.0],[0.0,0.0,1.0,0.0,0.0,0.0,0.0,0.0,0.0,0.0,0.0,0.0,0.0,0.0,0.0,0.0,0.0,0.0,0.0,0.0],[0.0,0.0,0.0,1.0,0.0,0.0,0.0,0.0,0.0,0.0,0.0,0.0,0.0,0.0,0.0,0.0,0.0,0.0,0.0,0.0],[0.2976199691598101,0.0,0.0,0.0,0.6235114681175487,0.0,0.07833622211105772,0.0,-0.15720478483369915,0.0,-0.07886856272264142,0.0,0.0,-0.09130542506555042,-0.07453807744284846,-0.07523550348017173,-0.057327564527046966,-0.06787551243324394,-0.0460417384203934,-0.07099543932262632],[0.0,0.0,0.0,0.0,0.0,1.0,0.0,0.0,0.0,0.0,0.0,0.0,0.0,0.0,0.0,0.0,0.0,0.0,0.0,0.0],[-0.16580667583499126,0.0,0.0,0.0,0.07833622211105772,0.0,0.6087014667365354,0.0,0.30382807953953117,0.0,-0.08747045372393356,0.0,0.0,0.0015371511750941133,-0.07824057778810176,-0.11352957835024188,-0.06579487202665499,-0.04843812309897217,-0.053218473681267184,-0.07367998746406572],[0.0,0.0,0.0,0.0,0.0,0.0,0.0,1.0,0.0,0.0,0.0,0.0,0.0,0.0,0.0,0.0,0.0,0.0,0.0,0.0],[0.0621140116951683,0.0,0.0,0.0,-0.15720478483369915,0.0,0.30382807953953117,0.0,0.6010811473219381,0.0,-0.09509077313853088,0.0,0.0,-0.0609959213106078,0.036655823676458026,-0.010225142586213147,-0.09081227129209778,-0.09210868128172565,-0.07188170060035781,-0.09861017620030929],[0.0,0.0,0.0,0.0,0.0,0.0,0.0,0.0,0.0,1.0,0.0,0.0,0.0,0.0,0.0,0.0,0.0,0.0,0.0,0.0],[-0.10369266413982299,0.0,0.0,0.0,-0.07886856272264142,0.0,-0.08747045372393356,0.0,-0.09509077313853088,0.0,0.8174387731375358,0.0,0.0,-0.05945877013551368,-0.041584754111643744,-0.12375472093645505,-0.15660714331875278,-0.14054680438069786,-0.12510017428162504,-0.172290163664375],[0.0,0.0,0.0,0.0,0.0,0.0,0.0,0.0,0.0,0.0,0.0,1.0,0.0,0.0,0.0,0.0,0.0,0.0,0.0,0.0],[0.0,0.0,0.0,0.0,0.0,0.0,0.0,0.0,0.0,0.0,0.0,0.0,1.0,0.0,0.0,0.0,0.0,0.0,0.0,0.0],[0.03184665493003671,0.0,0.0,0.0,-0.09130542506555042,0.0,0.0015371511750941133,0.0,-0.0609959213106078,0.0,-0.05945877013551368,0.0,0.0,0.9381467504609288,-0.022442068472614072,-0.10465278036989158,-0.04435717394988723,-0.05392185127040608,-0.02876305534303655,-0.05729906693179994],[0.03295332333120467,0.0,0.0,0.0,-0.07453807744284846,0.0,-0.07824057778810176,0.0,0.036655823676458026,0.0,-0.041584754111643744,0.0,0.0,-0.022442068472614072,0.9618053361922625,-0.047191270457603414,-0.030780609138425483,-0.029078408883054036,-0.024815053025415146,-0.03616885669667299],[-0.04851921745628331,0.0,0.0,0.0,-0.07523550348017173,0.0,-0.11352957835024188,0.0,-0.010225142586213147,0.0,-0.12375472093645505,0.0,0.0,-0.10465278036989158,-0.047191270457603414,0.7741356498783029,-0.09345715620236547,-0.10602904447174057,-0.059158423355484185,-0.11824776997092064],[-0.09927957879170579,0.0,0.0,0.0,-0.057327564527046966,0.0,-0.06579487202665499,0.0,-0.09081227129209778,0.0,-0.15660714331875278,0.0,0.0,-0.04435717394988723,-0.030780609138425483,-0.09345715620236547,0.8595627265794695,-0.12184775394194,-0.10413038064191632,-0.1499337844053492],[-0.07267129194745384,0.0,0.0,0.0,-0.06787551243324394,0.0,-0.04843812309897217,0.0,-0.09210868128172565,0.0,-0.14054680438069786,0.0,0.0,-0.05392185127040608,-0.029078408883054036,-0.10602904447174057,-0.12184775394194,0.8886045661336375,-0.09196579669857881,-0.1342486036628887],[-0.07905843586123161,0.0,0.0,0.0,-0.0460417384203934,0.0,-0.053218473681267184,0.0,-0.07188170060035781,0.0,-0.12510017428162504,0.0,0.0,-0.02876305534303655,-0.024815053025415146,-0.059158423355484185,-0.10413038064191632,-0.09196579669857881,0.8875411257192232,-0.11548432791275537],[-0.10129472434174866,0.0,0.0,0.0,-0.07099543932262632,0.0,-0.07367998746406572,0.0,-0.09861017620030929,0.0,-0.172290163664375,0.0,0.0,-0.05729906693179994,-0.03616885669667299,-0.11824776997092064,-0.1499337844053492,-0.1342486036628887,-0.11548432791275537,0.8361516790627787]],"b":[8.20792,0.0,0.0,0.0,4.94724,0.0,7.46172,0.0,5.69344,0.0,13.15516,0.0,0.0,4.888096,3.10224,10.65497336,11.191665268,10.249938144,8.802903004,12.455818136],"n_updates":16},"park_high":{"A_inv":[[0.8582629821395831,0.0,0.0,0.0,0.0,0.0,-0.1417370178604169,0.0,0.0,0.0,-0.1417370178604169,0.0,0.0,-0.04724567262013896,-0.035434254465104224,-0.10569329421851288,-0.10288690126487662,-0.09945686543265454,-0.10044902455767746,-0.12709558391543585],[0.0,1.0,0.0,0.0,0.0,0.0,0.0,0.0,0.0,0.0,0.0,0.0,0.0,0.0,0.0,0.0,0.0,0.0,0.0,0.0],[0.0,0.0,1.0,0.0,0.0,0.0,0.0,0.0,0.0,0.0,0.0,0.0,0.0,0.0,0.0,0.0,0.0,0.0,0.0,0.0],[0.0,0.0,0.0,1.0,0.0,0.0,0.0,0.0,0.0,0.0,0.0,0.0,0.0,0.0,0.0,0.0,0.0,0.0,0.0,0.0],[0.0,0.0,0.0,0.0,1.0,0.0,0.0,0.0,0.0,0.0,0.0,0.0,0.0,0.0,0.0,0.0,0.0,0.0,0.0,0.0],[0.0,0.0,0.0,0.0,0.0,1.0,0.0,0.0,0.0,0.0,0.0,0.0,0.0,0.0,0.0,0.0,0.0,0.0,0.0,0.0],[-0.1417370178604169,0.0,0.0,0.0,0.0,0.0,0.8582629821395831,0.0,0.0,0.0,-0.1417370178604169,0.0,0.0,-0.04724567262013896,-0.035434254465104224,-0.10569329421851288,-0.10288690126487662,-0.09945686543265454,-0.10044902455767746,-0.12709558391543585],[0.0,0.0,0.0,0.0,0.0,0.0,0.0,1.0,0.0,0.0,0.0,0.0,0.0,0.0,0.0,0.0,0.0,0.0,0.0,0.0],[0.0,0.0,0.0,0.0,0.0,0.0,0.0,0.0,1.0,0.0,0.0,0.0,0.0,0.0,0.0,0.0,0.0,0.0,0.0,0.0],[0.0,0.0,0.0,0.0,0.0,0.0,0.0,0.0,0.0,1.0,0.0,0.0,0.0,0.0,0.0,0.0,0.0,0.0,0.0,0.0],[-0.1417370178604169,0.0,0.0,0.0,0.0,0.0,-0.1417370178604169,0.0,0.0,0.0,0.8582629821395831,0.0,0.0,-0.04724567262013896,-0.035434254465104224,-0.10569329421851288,-0.10288690126487662,-0.09945686543265454,-0.10044902455767746,-0.12709558391543585],[0.0,0.0,0.0,0.0,0.0,0.0,0.0,0.0,0.0,0.0,0.0,1.0,0.0,0.0,0.0,0.0,0.0,0.0,0.0,0.0],[0.0,0.0,0.0,0.0,0.0,0.0,0.0,0.0,0.0,0.0,0.0,0.0,1.0,0.0,0.0,0.0,0.0,0.0,0.0,0.0],[-0.04724567262013896,0.0,0.0,0.0,0.0,0.0,-0.04724567262013896,0.0,0.0,0.0,-0.04724567262013896,0.0,0.0,0.9842514424599537,-0.01181141815503474,-0.03523109807283763,-0.03429563375495888,-0.033152288477551514,-0.033483008185892484,-0.04236519463847861],[-0.035434254465104224,0.0,0.0,0.0,0.0,0.0,-0.035434254465104224,0.0,0.0,0.0,-0.035434254465104224,0.0,0.0,-0.01181141815503474,0.991141436383724,-0.02642332355462822,-0.025721725316219156,-0.024864216358163636,-0.025112256139419364,-0.03177389597885896],[-0.10569329421851288,0.0,0.0,0.0,0.0,0.0,-0.10569329421851288,0.0,0.0,0.0,-0.10569329421851288,0.0,0.0,-0.03523109807283763,-0.02642332355462822,0.9211845105012549,-0.0767227622732185,-0.07416498455313049,-0.07490483761266009,-0.0947751769257405],[-0.10288690126487662,0.0,0.0,0.0,0.0,0.0,-0.10288690126487662,0.0,0.0,0.0,-0.10288690126487662,0.0,0.0,-0.03429563375495888,-0.025721725316219156,-0.0767227622732185,0.925314398371826,-0.07219573861756393,-0.07291594692641808,-0.09225868436421487],[-0.09945686543265454,0.0,0.0,0.0,0.0,0.0,-0.09945686543265454,0.0,0.0,0.0,-0.09945686543265454,0.0,0.0,-0.033152288477551514,-0.024864216358163636,-0.07416498455313049,-0.07219573861756393,0.9302111175259064,-0.07048508053212227,-0.08918297123346133],[-0.10044902455767746,0.0,0.0,0.0,0.0,0.0,-0.10044902455767746,0.0,0.0,0.0,-0.10044902455767746,0.0,0.0,-0.033483008185892484,-0.025112256139419364,-0.07490483761266009,-0.07291594692641808,-0.07048508053212227,0.928811776295974,-0.09007264032086938],[-0.12709558391543585,0.0,0.0,0.0,0.0,0.0,-0.12709558391543585,0.0,0.0,0.0,-0.12709558391543585,0.0,0.0,-0.04236519463847861,-0.03177389597885896,-0.0947751769257405,-0.09225868436421487,-0.08918297123346133,-0.09007264032086938,0.8860333899030287]],"b":[0.81484,0.0,0.0,0.0,0.0,0.0,0.81484,0.0,0.0,0.0,0.81484,0.0,0.0,0.2716133333333333,0.20371,0.607626188,0.591492356,0.571773228,0.577477108,0.730667028],"n_updates":1},"restaurant_low":{"A_inv":[[1.0,0.0,0.0,0.0,0.0,0.0,0.0,0.0,0.0,0.0,0.0,0.0,0.0,0.0,0.0,0.0,0.0,0.0,0.0,0.0],[0.0,0.8131845103774954,0.0,0.0,0.0,0.0,-0.11762051378486967,-0.06919497583763479,0.0,0.0,-0.10197051732640297,-0.08484497229610144,0.0,-0.07097616010390388,-0.04670387240562611,-0.08220467270908387,-0.1749451591335943,-0.13037878646238193,-0.12795428157303237,-0.18102623732469286],[0.0,0.0,1.0,0.0,0.0,0.0,0.0,0.0,0.0,0.0,0.0,0.0,0.0,0.0,0.0,0.0,0.0,0.0,0.0,0.0],[0.0,0.0,0.0,1.0,0.0,0.0,0.0,0.0,0.0,0.0,0.0,0.0,0.0,0.0,0.0,0.0,0.0,0.0,0.0,0.0],[0.0,0.0,0.0,0.0,1.0,0.0,0.0,0.0,0.0,0.0,0.0,0.0,0.0,0.0,0.0,0.0,0.0,0.0,0.0,0.0],[0.0,0.0,0.0,0.0,0.0,1.0,0.0,0.0,0.0,0.0,0.0,0.0,0.0,0.0,0.0,0.0,0.0,0.0,0.0,0.0],[0.0,-0.11762051378486967,0.0,0.0,0.0,0.0,0.5535534479782039,0.32882603823692635,0.0,0.0,-0.04026334691601588,-0.07735716686885379,0.0,0.018176074006826276,-0.029405128446217427,-0.040496390571242304,-0.10641413926266599,-0.07696634947790734,-0.08029157248885119,-0.11078632505965268],[0.0,-0.06919497583763479,0.0,0.0,0.0,0.0,0.32882603823692635,0.6019789859254389,0.0,0.0,-0.06170717041038707,-0.007487805427247698,0.0,-0.08915223411073017,-0.017298743959408686,-0.04170828213784157,-0.06853101987092831,-0.053412436984474614,-0.0476627090841812,-0.0702399122650402],[0.0,0.0,0.0,0.0,0.0,0.0,0.0,0.0,1.0,0.0,0.0,0.0,0.0,0.0,0.0,0.0,0.0,0.0,0.0,0.0],[0.0,0.0,0.0,0.0,0.0,0.0,0.0,0.0,0.0,1.0,0.0,0.0,0.0,0.0,0.0,0.0,0.0,0.0,0.0,0.0],[0.0,-0.10197051732640297,0.0,0.0,0.0,0.0,-0.04026334691601588,-0.06170717041038707,0.0,0.0,0.543194672446321,0.35483481022727587,0.0,-0.05610252785144136,-0.025492629331600753,-0.047072608670901656,-0.08841840129103357,-0.07616996979575405,-0.06814099261343581,-0.11060416336301762],[0.0,-0.08484497229610144,0.0,0.0,0.0,0.0,-0.07735716686885379,-0.007487805427247698,0.0,0.0,0.35483481022727587,0.5603202174766226,0.0,-0.014873632252462526,-0.021211243074025363,-0.03513206403818222,-0.08652675784256075,-0.05420881666662792,-0.059813288959596575,-0.07042207396167521],[0.0,0.0,0.0,0.0,0.0,0.0,0.0,0.0,0.0,0.0,0.0,0.0,1.0,0.0,0.0,0.0,0.0,0.0,0.0,0.0],[0.0,-0.07097616010390388,0.0,0.0,0.0,0.0,0.018176074006826276,-0.08915223411073017,0.0,0.0,-0.05610252785144136,-0.014873632252462526,0.0,0.9619783620219924,-0.017744040025975967,-0.0331818691247288,-0.06685266442826746,-0.050554707762652154,-0.0486014357397211,-0.06970132868701515],[0.0,-0.04670387240562611,0.0,0.0,0.0,0.0,-0.029405128446217427,-0.017298743959408686,0.0,0.0,-0.025492629331600753,-0.021211243074025363,0.0,-0.017744040025975967,0.9883240318985935,-0.020551168177270974,-0.04373628978339857,-0.03259469661559549,-0.0319885703932581,-0.04525655933117321],[0.0,-0.08220467270908387,0.0,0.0,0.0,0.0,-0.040496390571242304,-0.04170828213784157,0.0,0.0,-0.047072608670901656,-0.03513206403818222,0.0,-0.0331818691247288,-0.020551168177270974,0.9634814081042746,-0.0770671671150361,-0.05754290593856938,-0.05630568574872269,-0.07979653348630575],[0.0,-0.1749451591335943,0.0,0.0,0.0,0.0,-0.10641413926266599,-0.06853101987092831,0.0,0.0,-0.08841840129103357,-0.08652675784256075,0.0,-0.06685266442826746,-0.04373628978339857,-0.0770671671150361,0.8359996858694859,-0.12206023933046638,-0.1198581617031854,-0.1693436542588833],[0.0,-0.13037878646238193,0.0,0.0,0.0,0.0,-0.07696634947790734,-0.053412436984474614,0.0,0.0,-0.07616996979575405,-0.05420881666662792,0.0,-0.050554707762652154,-0.03259469661559549,-0.05754290593856938,-0.12206023933046638,0.9088833370088737,-0.08928306998787287,-0.12651790474165941],[0.0,-0.12795428157303237,0.0,0.0,0.0,0.0,-0.08029157248885119,-0.0476627090841812,0.0,0.0,-0.06814099261343581,-0.059813288959596575,0.0,-0.0486014357397211,-0.0319885703932581,-0.05630568574872269,-0.1198581617031854,-0.08928306998787287,0.9123535475466376,-0.12394156442813556],[0.0,-0.18102623732469286,0.0,0.0,0.0,0.0,-0.11078632505965268,-0.0702399122650402,0.0,0.0,-0.11060416336301762,-0.07042207396167521,0.0,-0.06970132868701515,-0.04525655933117321,-0.07979653348630575,-0.1693436542588833,-0.12651790474165941,-0.12394156442813556,0.8242202280257114]],"b":[0.0,6.676159999999999,0.0,0.0,0.0,0.0,5.455920000000001,1.22024,0.0,0.0,4.8644,1.81176,0.0,2.3683680000000003,1.6690399999999999,2.904658184,6.215593736000001,4.657295672,4.566157624,6.496268519999999],"n_updates":11},"landmark_low":{"A_inv":[[1.0,0.0,0.0,0.0,0.0,0.0,0.0,0.0,0.0,0.0,0.0,0.0,0.0,0.0,0.0,0.0,0.0,0.0,0.0,0.0],[0.0,0.8332390165551659,0.0,0.0,0.0,0.0,-0.1667609834448341,0.0,0.0,0.0,-0.09675082698574322,-0.07001015645909085,0.0,-0.05325332259964167,-0.04169024586120853,-0.07186386693320883,-0.15698601102924917,-0.11639468241790346,-0.1143816007513566,-0.1621256172368225],[0.0,0.0,1.0,0.0,0.0,0.0,0.0,0.0,0.0,0.0,0.0,0.0,0.0,0.0,0.0,0.0,0.0,0.0,0.0,0.0],[0.0,0.0,0.0,1.0,0.0,0.0,0.0,0.0,0.0,0.0,0.0,0.0,0.0,0.0,0.0,0.0,0.0,0.0,0.0,0.0],[0.0,0.0,0.0,0.0,1.0,0.0,0.0,0.0,0.0,0.0,0.0,0.0,0.0,0.0,0.0,0.0,0.0,0.0,0.0,0.0],[0.0,0.0,0.0,0.0,0.0,1.0,0.0,0.0,0.0,0.0,0.0,0.0,0.0,0.0,0.0,0.0,0.0,0.0,0.0,0.0],[0.0,-0.1667609834448341,0.0,0.0,0.0,0.0,0.8332390165551659,0.0,0.0,0.0,-0.09675082698574322,-0.07001015645909085,0.0,-0.05325332259964167,-0.04169024586120853,-0.07186386693320883,-0.15698601102924917,-0.11639468241790346,-0.1143816007513566,-0.1621256172368225],[0.0,0.0,0.0,0.0,0.0,0.0,0.0,1.0,0.0,0.0,0.0,0.0,0.0,0.0,0.0,0.0,0.0,0.0,0.0,0.0],[0.0,0.0,0.0,0.0,0.0,0.0,0.0,0.0,1.0,0.0,0.0,0.0,0.0,0.0,0.0,0.0,0.0,0.0,0.0,0.0],[0.0,0.0,0.0,0.0,0.0,0.0,0.0,0.0,0.0,1.0,0.0,0.0,0.0,0.0,0.0,0.0,0.0,0.0,0.0,0.0],[0.0,-0.09675082698574322,0.0,0.0,0.0,0.0,-0.09675082698574322,0.0,0.0,0.0,0.6584765895559719,0.24477258345828476,0.0,-0.040409361777190574,-0.024187706746435812,-0.0373843351279265,-0.08354529814153824,-0.0563992329186095,-0.06547682114571918,-0.09976931261138557],[0.0,-0.07001015645909085,0.0,0.0,0.0,0.0,-0.07001015645909085,0.0,0.0,0.0,0.24477258345828476,0.6852172600826244,0.0,-0.012843960822451098,-0.017502539114772713,-0.03447953180528233,-0.07344071288771092,-0.05999544949929398,-0.048904779605637425,-0.06235630462543694],[0.0,0.0,0.0,0.0,0.0,0.0,0.0,0.0,0.0,0.0,0.0,0.0,1.0,0.0,0.0,0.0,0.0,0.0,0.0,0.0],[0.0,-0.05325332259964167,0.0,0.0,0.0,0.0,-0.05325332259964167,0.0,0.0,0.0,-0.040409361777190574,-0.012843960822451098,0.0,0.9826770244942011,-0.013313330649910417,-0.022805304584226863,-0.049880646580159366,-0.03679837915599136,-0.03649704093026429,-0.0519633289247596],[0.0,-0.04169024586120853,0.0,0.0,0.0,0.0,-0.04169024586120853,0.0,0.0,0.0,-0.024187706746435812,-0.017502539114772713,0.0,-0.013313330649910417,0.9895774385346979,-0.017965966733302207,-0.0392465027573123,-0.02909867060447587,-0.02859540018783915,-0.040531404309205626],[0.0,-0.07186386693320883,0.0,0.0,0.0,0.0,-0.07186386693320883,0.0,0.0,0.0,-0.0373843351279265,-0.03447953180528233,0.0,-0.022805304584226863,-0.017965966733302207,0.9689659611698996,-0.06776521504762362,-0.050327113442081156,-0.049304889851071135,-0.06978011727859892],[0.0,-0.15698601102924917,0.0,0.0,0.0,0.0,-0.15698601102924917,0.0,0.0,0.0,-0.08354529814153824,-0.07344071288771092,0.0,-0.049880646580159366,-0.0392465027573123,-0.06776521504762362,0.8520170791192538,-0.10986585292015696,-0.1077002893605759,-0.15247166815752752],[0.0,-0.11639468241790346,0.0,0.0,0.0,0.0,-0.11639468241790346,0.0,0.0,0.0,-0.0563992329186095,-0.05999544949929398,0.0,-0.03679837915599136,-0.02909867060447587,-0.050327113442081156,-0.10986585292015696,0.9183255619334846,-0.07986978547674453,-0.11293671658901026],[0.0,-0.1143816007513566,0.0,0.0,0.0,0.0,-0.1143816007513566,0.0,0.0,0.0,-0.06547682114571918,-0.048904779605637425,0.0,-0.03649704093026429,-0.02859540018783915,-0.049304889851071135,-0.1077002893605759,-0.07986978547674453,0.9215427513088438,-0.11118450210466754],[0.0,-0.1621256172368225,0.0,0.0,0.0,0.0,-0.1621256172368225,0.0,0.0,0.0,-0.09976931261138557,-0.06235630462543694,0.0,-0.0519633289247596,-0.040531404309205626,-0.06978011727859892,-0.15247166815752752,-0.11293671658901026,-0.11118450210466754,0.8422667458300807]],"b":[0.0,1.82044,0.0,0.0,0.0,0.0,1.82044,0.0,0.0,0.0,1.21312,0.6073200000000001,0.0,0.5865693333333333,0.45511,0.782129356,1.7095885800000001,1.264497384,1.248155916,1.7729770640000002],"n_updates":3},"museum_low":{"A_inv":[[1.0,0.0,0.0,0.0,0.0,0.0,0.0,0.0,0.0,0.0,0.0,0.0,0.0,0.0,0.0,0.0,0.0,0.0,0.0,0.0],[0.0,1.0,0.0,0.0,0.0,0.0,0.0,0.0,0.0,0.0,0.0,0.0,0.0,0.0,0.0,0.0,0.0,0.0,0.0,0.0],[0.0,0.0,1.0,0.0,0.0,0.0,0.0,0.0,0.0,0.0,0.0,0.0,0.0,0.0,0.0,0.0,0.0,0.0,0.0,0.0],[0.0,0.0,0.0,1.0,0.0,0.0,0.0,0.0,0.0,0.0,0.0,0.0,0.0,0.0,0.0,0.0,0.0,0.0,0.0,0.0],[0.0,0.0,0.0,0.0,0.8602329966355385,0.0,0.0,0.0,-0.13976700336446152,0.0,-0.13976700336446152,0.0,0.0,-0.06988350168223076,-0.03494175084111538,-0.11066751326398062,-0.12787283137814584,-0.11746018962749347,-0.08564921966174202,-0.13716733710188253],[0.0,0.0,0.0,0.0,0.0,1.0,0.0,0.0,0.0,0.0,0.0,0.0,0.0,0.0,0.0,0.0,0.0,0.0,0.0,0.0],[0.0,0.0,0.0,0.0,0.0,0.0,1.0,0.0,0.0,0.0,0.0,0.0,0.0,0.0,0.0,0.0,0.0,0.0,0.0,0.0],[0.0,0.0,0.0,0.0,0.0,0.0,0.0,1.0,0.0,0.0,0.0,0.0,0.0,0.0,0.0,0.0,0.0,0.0,0.0,0.0],[0.0,0.0,0.0,0.0,-0.13976700336446152,0.0,0.0,0.0,0.8602329966355385,0.0,-0.13976700336446152,0.0,0.0,-0.06988350168223076,-0.03494175084111538,-0.11066751326398062,-0.12787283137814584,-0.11746018962749347,-0.08564921966174202,-0.13716733710188253],[0.0,0.0,0.0,0.0,0.0,0.0,0.0,0.0,0.0,1.0,0.0,0.0,0.0,0.0,0.0,0.0,0.0,0.0,0.0,0.0],[0.0,0.0,0.0,0.0,-0.13976700336446152,0.0,0.0,0.0,-0.13976700336446152,0.0,0.8602329966355385,0.0,0.0,-0.06988350168223076,-0.03494175084111538,-0.11066751326398062,-0.12787283137814584,-0.11746018962749347,-0.08564921966174202,-0.13716733710188253],[0.0,0.0,0.0,0.0,0.0,0.0,0.0,0.0,0.0,0.0,0.0,1.0,0.0,0.0,0.0,0.0,0.0,0.0,0.0,0.0],[0.0,0.0,0.0,0.0,0.0,0.0,0.0,0.0,0.0,0.0,0.0,0.0,1.0,0.0,0.0,0.0,0.0,0.0,0.0,0.0],[0.0,0.0,0.0,0.0,-0.06988350168223076,0.0,0.0,0.0,-0.06988350168223076,0.0,-0.06988350168223076,0.0,0.0,0.9650582491588846,-0.01747087542055769,-0.05533375663199031,-0.06393641568907292,-0.058730094813746726,-0.04282460983087101,-0.06858366855094127],[0.0,0.0,0.0,0.0,-0.03494175084111538,0.0,0.0,0.0,-0.03494175084111538,0.0,-0.03494175084111538,0.0,0.0,-0.01747087542055769,0.9912645622897212,-0.027666878315995156,-0.03196820784453646,-0.029365047406873363,-0.021412304915435505,-0.03429183427547063],[0.0,0.0,0.0,0.0,-0.11066751326398062,0.0,0.0,0.0,-0.11066751326398062,0.0,-0.11066751326398062,0.0,0.0,-0.05533375663199031,-0.027666878315995156,0.9123734629975802,-0.10124970788521588,-0.0930049781470493,-0.06781705212816733,-0.1086090975172706],[0.0,0.0,0.0,0.0,-0.12787283137814584,0.0,0.0,0.0,-0.12787283137814584,0.0,-0.12787283137814584,0.0,0.0,-0.06393641568907292,-0.03196820784453646,-0.10124970788521588,0.8830091465721343,-0.10746432749019376,-0.07836047106852778,-0.12549439671451232],[0.0,0.0,0.0,0.0,-0.11746018962749347,0.0,0.0,0.0,-0.11746018962749347,0.0,-0.11746018962749347,0.0,0.0,-0.058730094813746726,-0.029365047406873363,-0.0930049781470493,-0.10746432749019376,0.9012864566370544,-0.071979604203728,-0.11527543010042207],[0.0,0.0,0.0,0.0,-0.08564921966174202,0.0,0.0,0.0,-0.08564921966174202,0.0,-0.08564921966174202,0.0,0.0,-0.04282460983087101,-0.021412304915435505,-0.06781705212816733,-0.07836047106852778,-0.071979604203728,0.9475141581912845,-0.08405614417603362],[0.0,0.0,0.0,0.0,-0.13716733710188253,0.0,0.0,0.0,-0.13716733710188253,0.0,-0.13716733710188253,0.0,0.0,-0.06858366855094127,-0.03429183427547063,-0.1086090975172706,-0.12549439671451232,-0.11527543010042207,-0.08405614417603362,0.8653839753682125]],"b":[0.0,0.0,0.0,0.0,2.53092,0.0,0.0,0.0,2.53092,0.0,2.53092,0.0,0.0,1.26546,0.63273,2.0039824559999997,2.315538708,2.126985168,1.5509477760000001,2.483844888],"n_updates":3},"cafe_low":{"A_inv":[[0.7049346933782484,0.12490250086042451,0.10603529549140384,0.0,0.0,0.0,0.14958541251471952,0.08135238383710881,-0.2950653066217517,0.0,-0.038699995237959535,-0.02542751503196372,0.0,-0.009512273785920511,0.036985770178221106,-0.08592553408737305,-0.054183215205545344,-0.07688995937336533,-0.06606898724653135,-0.0616126146010801],[0.12490250086042451,0.4696450094241081,0.31783873023080406,0.0,0.0,0.0,-0.12827903804684015,-0.08423722229824776,0.12490250086042451,0.0,-0.060989106600537746,-0.026624652884125667,0.0,-0.04501910040353749,0.13701592524423611,0.024136184683472686,-0.08676919654348833,-0.03705250571290432,-0.09846022889449618,-0.08670104130730955],[0.10603529549140384,0.31783873023080406,0.51783975816129,0.0,0.0,0.0,-0.12568171428280345,-0.038639797325102324,0.10603529549140384,0.0,-0.01882171564099183,-0.03946450047551015,0.0,-0.0284996716247184,-0.2556516749484805,-0.0466383313057138,-0.05363046575457833,-0.04167283212372748,0.020064978286850853,-0.05499689401613213],[0.0,0.0,0.0,1.0,0.0,0.0,0.0,0.0,0.0,0.0,0.0,0.0,0.0,0.0,0.0,0.0,0.0,0.0,0.0,0.0],[0.0,0.0,0.0,0.0,1.0,0.0,0.0,0.0,0.0,0.0,0.0,0.0,0.0,0.0,0.0,0.0,0.0,0.0,0.0,0.0],[0.0,0.0,0.0,0.0,0.0,1.0,0.0,0.0,0.0,0.0,0.0,0.0,0.0,0.0,0.0,0.0,0.0,0.0,0.0,0.0],[0.14958541251471952,-0.12827903804684015,-0.12568171428280345,0.0,0.0,0.0,0.5097229663290214,0.23631628134133487,0.14958541251471952,0.0,-0.05545290891136994,-0.04892243090355424,0.0,0.0013327715583441868,-0.08893469209513279,-0.008750346226132131,-0.09685423935659775,-0.048257516558347764,-0.055595261030918136,-0.09870628392184316],[0.08135238383710881,-0.08423722229824776,-0.038639797325102324,0.0,0.0,0.0,0.23631628134133487,0.6408066990353151,0.08135238383710881,0.0,-0.02435791333015968,-0.017166722456081553,0.0,-0.07485154358660008,-0.029701057609111486,-0.013751800396108977,-0.043545422941468896,-0.030467821278283982,-0.022799989576727204,-0.042991651401598475],[-0.2950653066217517,0.12490250086042451,0.10603529549140384,0.0,0.0,0.0,0.14958541251471952,0.08135238383710881,0.7049346933782484,0.0,-0.038699995237959535,-0.02542751503196372,0.0,-0.009512273785920511,0.036985770178221106,-0.08592553408737305,-0.054183215205545344,-0.07688995937336533,-0.06606898724653135,-0.0616126146010801],[0.0,0.0,0.0,0.0,0.0,0.0,0.0,0.0,0.0,1.0,0.0,0.0,0.0,0.0,0.0,0.0,0.0,0.0,0.0,0.0],[-0.038699995237959535,-0.060989106600537746,-0.01882171564099183,0.0,0.0,0.0,-0.05545290891136994,-0.02435791333015968,-0.038699995237959535,0.0,0.49248476786021217,0.3890044146602987,0.0,-0.01762963040416975,-0.039038562190368206,-0.08073126532754926,-0.11264501028978545,-0.08414934282887747,-0.043439902446175904,-0.12987194928401732],[-0.02542751503196372,-0.026624652884125667,-0.03946450047551015,0.0,0.0,0.0,-0.04892243090355424,-0.017166722456081553,-0.02542751503196372,0.0,0.3890044146602987,0.5194789169481019,0.0,-0.06540141541000667,-0.04261141733565494,-0.02769641538206491,-0.08193786721382651,-0.0714659543811196,-0.10102433540800079,-0.07343860064050449],[0.0,0.0,0.0,0.0,0.0,0.0,0.0,0.0,0.0,0.0,0.0,0.0,1.0,0.0,0.0,0.0,0.0,0.0,0.0,0.0],[-0.009512273785920511,-0.04501910040353749,-0.0284996716247184,0.0,0.0,0.0,0.0013327715583441868,-0.07485154358660008,-0.009512273785920511,0.0,-0.01762963040416975,-0.06540141541000667,0.0,0.9554876331035076,-0.03500759726590331,-0.04028095466136055,-0.07758105413903722,-0.061714132908454344,-0.058689699908046844,-0.0798313652511406],[0.036985770178221106,0.13701592524423611,-0.2556516749484805,0.0,0.0,0.0,-0.08893469209513279,-0.029701057609111486,0.036985770178221106,0.0,-0.039038562190368206,-0.04261141733565494,0.0,-0.03500759726590331,0.8517616676442541,-0.050426085830260446,-0.07546095225319215,-0.05974024036436299,-0.026083570320118755,-0.07832608448919647],[-0.08592553408737305,0.024136184683472686,-0.0466383313057138,0.0,0.0,0.0,-0.008750346226132131,-0.013751800396108977,-0.08592553408737305,0.0,-0.08073126532754926,-0.02769641538206491,0.0,-0.04028095466136055,-0.050426085830260446,0.9255834182053266,-0.09989920841235941,-0.08752572995747272,-0.07199637542814911,-0.10570208558393203],[-0.054183215205545344,-0.08676919654348833,-0.05363046575457833,0.0,0.0,0.0,-0.09685423935659775,-0.043545422941468896,-0.054183215205545344,0.0,-0.11264501028978545,-0.08193786721382651,0.0,-0.07758105413903722,-0.07546095225319215,-0.09989920841235941,0.8164721270013069,-0.14510022643351372,-0.13739259454778924,-0.18987758005543603],[-0.07688995937336533,-0.03705250571290432,-0.04167283212372748,0.0,0.0,0.0,-0.048257516558347764,-0.030467821278283982,-0.07688995937336533,0.0,-0.08414934282887747,-0.0714659543811196,0.0,-0.061714132908454344,-0.05974024036436299,-0.08752572995747272,-0.14510022643351372,0.8801636042011038,-0.11021016809153826,-0.15116427959704187],[-0.06606898724653135,-0.09846022889449618,0.020064978286850853,0.0,0.0,0.0,-0.055595261030918136,-0.022799989576727204,-0.06606898724653135,0.0,-0.043439902446175904,-0.10102433540800079,0.0,-0.058689699908046844,-0.026083570320118755,-0.07199637542814911,-0.13739259454778924,-0.11021016809153826,0.8827521107073797,-0.14039719780962737],[-0.0616126146010801,-0.08670104130730955,-0.05499689401613213,0.0,0.0,0.0,-0.09870628392184316,-0.042991651401598475,-0.0616126146010801,0.0,-0.12987194928401732,-0.07343860064050449,0.0,-0.0798313652511406,-0.07832608448919647,-0.10570208558393203,-0.18987758005543603,-0.15116427959704187,-0.14039719780962737,0.8020318931760586]],"b":[2.30928,5.84168,13.81756,0.0,0.0,0.0,19.047400000000003,0.6118399999999999,2.30928,0.0,18.941000000000003,3.02752,0.0,7.626648000000001,12.40091,11.237754879999999,20.567531419999998,15.841460387999998,13.679755991999999,21.521365803999995],"n_updates":36},"museum_medium":{"A_inv":[[1.0,0.0,0.0,0.0,0.0,0.0,0.0,0.0,0.0,0.0,0.0,0.0,0.0,0.0,0.0,0.0,0.0,0.0,0.0,0.0],[0.0,0.8561208219443374,0.0,0.0,0.0,0.0,-0.14387917805566267,0.0,0.0,0.0,0.0,-0.14387917805566267,0.0,-0.04316375341669879,-0.07193958902783133,-0.13367289942526459,-0.1121590487382284,-0.10867733094059973,-0.09842250080162723,-0.12527812449700398],[0.0,0.0,1.0,0.0,0.0,0.0,0.0,0.0,0.0,0.0,0.0,0.0,0.0,0.0,0.0,0.0,0.0,0.0,0.0,0.0],[0.0,0.0,0.0,1.0,0.0,0.0,0.0,0.0,0.0,0.0,0.0,0.0,0.0,0.0,0.0,0.0,0.0,0.0,0.0,0.0],[0.0,0.0,0.0,0.0,1.0,0.0,0.0,0.0,0.0,0.0,0.0,0.0,0.0,0.0,0.0,0.0,0.0,0.0,0.0,0.0],[0.0,0.0,0.0,0.0,0.0,1.0,0.0,0.0,0.0,0.0,0.0,0.0,0.0,0.0,0.0,0.0,0.0,0.0,0.0,0.0],[0.0,-0.14387917805566267,0.0,0.0,0.0,0.0,0.8561208219443374,0.0,0.0,0.0,0.0,-0.14387917805566267,0.0,-0.04316375341669879,-0.07193958902783133,-0.13367289942526459,-0.1121590487382284,-0.10867733094059973,-0.09842250080162723,-0.12527812449700398],[0.0,0.0,0.0,0.0,0.0,0.0,0.0,1.0,0.0,0.0,0.0,0.0,0.0,0.0,0.0,0.0,0.0,0.0,0.0,0.0],[0.0,0.0,0.0,0.0,0.0,0.0,0.0,0.0,1.0,0.0,0.0,0.0,0.0,0.0,0.0,0.0,0.0,0.0,0.0,0.0],[0.0,0.0,0.0,0.0,0.0,0.0,0.0,0.0,0.0,1.0,0.0,0.0,0.0,0.0,0.0,0.0,0.0,0.0,0.0,0.0],[0.0,0.0,0.0,0.0,0.0,0.0,0.0,0.0,0.0,0.0,1.0,0.0,0.0,0.0,0.0,0.0,0.0,0.0,0.0,0.0],[0.0,-0.14387917805566267,0.0,0.0,0.0,0.0,-0.14387917805566267,0.0,0.0,0.0,0.0,0.8561208219443374,0.0,-0.04316375341669879,-0.07193958902783133,-0.13367289942526459,-0.1121590487382284,-0.10867733094059973,-0.09842250080162723,-0.12527812449700398],[0.0,0.0,0.0,0.0,0.0,0.0,0.0,0.0,0.0,0.0,0.0,0.0,1.0,0.0,0.0,0.0,0.0,0.0,0.0,0.0],[0.0,-0.04316375341669879,0.0,0.0,0.0,0.0,-0.04316375341669879,0.0,0.0,0.0,0.0,-0.04316375341669879,0.0,0.9870508739749904,-0.021581876708349396,-0.04010186982757938,-0.03364771462146852,-0.03260319928217992,-0.02952675024048817,-0.03758343734910119],[0.0,-0.07193958902783133,0.0,0.0,0.0,0.0,-0.07193958902783133,0.0,0.0,0.0,0.0,-0.07193958902783133,0.0,-0.021581876708349396,0.9640302054860843,-0.06683644971263229,-0.0560795243691142,-0.05433866547029986,-0.049211250400813616,-0.06263906224850199],[0.0,-0.13367289942526459,0.0,0.0,0.0,0.0,-0.13367289942526459,0.0,0.0,0.0,0.0,-0.13367289942526459,0.0,-0.04010186982757938,-0.06683644971263229,0.875735899188957,-0.10469443719067766,-0.1011347022279912,-0.09151424045185319,-0.11662689719652894],[0.0,-0.1121590487382284,0.0,0.0,0.0,0.0,-0.1121590487382284,0.0,0.0,0.0,0.0,-0.1121590487382284,0.0,-0.03364771462146852,-0.0560795243691142,-0.10469443719067766,0.9092785574148854,-0.0858320718376159,-0.0772154702498117,-0.09923539473823001],[0.0,-0.10867733094059973,0.0,0.0,0.0,0.0,-0.10867733094059973,0.0,0.0,0.0,0.0,-0.10867733094059973,0.0,-0.03260319928217992,-0.05433866547029986,-0.1011347022279912,-0.0858320718376159,0.9175344279865756,-0.07450875614754428,-0.09516116747713448],[0.0,-0.09842250080162723,0.0,0.0,0.0,0.0,-0.09842250080162723,0.0,0.0,0.0,0.0,-0.09842250080162723,0.0,-0.02952675024048817,-0.049211250400813616,-0.09151424045185319,-0.0772154702498117,-0.07450875614754428,0.9325992722445455,-0.08593375669476297],[0.0,-0.12527812449700398,0.0,0.0,0.0,0.0,-0.12527812449700398,0.0,0.0,0.0,0.0,-0.12527812449700398,0.0,-0.03758343734910119,-0.06263906224850199,-0.11662689719652894,-0.09923539473823001,-0.09516116747713448,-0.08593375669476297,0.8901624875471733]],"b":[0.0,2.6044,0.0,0.0,0.0,0.0,2.6044,0.0,0.0,0.0,0.0,2.6044,0.0,0.78132,1.3022,2.421876584,2.045102492,1.972240544,1.7837985840000001,2.274827328],"n_updates":3},"restaurant_medium":{"A_inv":[[1.0,0.0,0.0,0.0,0.0,0.0,0.0,0.0,0.0,0.0,0.0,0.0,0.0,0.0,0.0,0.0,0.0,0.0,0.0,0.0],[0.0,0.8560768024152446,0.0,0.0,0.0,0.0,-0.14392319758475536,0.0,0.0,0.0,-0.14392319758475536,0.0,0.0,-0.04797439919491845,-0.03598079939618884,-0.0657729012962332,-0.12367320368458028,-0.0963134038237183,-0.0995948527286507,-0.13658311450793284],[0.0,0.0,1.0,0.0,0.0,0.0,0.0,0.0,0.0,0.0,0.0,0.0,0.0,0.0,0.0,0.0,0.0,0.0,0.0,0.0],[0.0,0.0,0.0,1.0,0.0,0.0,0.0,0.0,0.0,0.0,0.0,0.0,0.0,0.0,0.0,0.0,0.0,0.0,0.0,0.0],[0.0,0.0,0.0,0.0,1.0,0.0,0.0,0.0,0.0,0.0,0.0,0.0,0.0,0.0,0.0,0.0,0.0,0.0,0.0,0.0],[0.0,0.0,0.0,0.0,0.0,1.0,0.0,0.0,0.0,0.0,0.0,0.0,0.0,0.0,0.0,0.0,0.0,0.0,0.0,0.0],[0.0,-0.14392319758475536,0.0,0.0,0.0,0.0,0.8560768024152446,0.0,0.0,0.0,-0.14392319758475536,0.0,0.0,-0.04797439919491845,-0.03598079939618884,-0.0657729012962332,-0.12367320368458028,-0.0963134038237183,-0.0995948527286507,-0.13658311450793284],[0.0,0.0,0.0,0.0,0.0,0.0,0.0,1.0,0.0,0.0,0.0,0.0,0.0,0.0,0.0,0.0,0.0,0.0,0.0,0.0],[0.0,0.0,0.0,0.0,0.0,0.0,0.0,0.0,1.0,0.0,0.0,0.0,0.0,0.0,0.0,0.0,0.0,0.0,0.0,0.0],[0.0,0.0,0.0,0.0,0.0,0.0,0.0,0.0,0.0,1.0,0.0,0.0,0.0,0.0,0.0,0.0,0.0,0.0,0.0,0.0],[0.0,-0.14392319758475536,0.0,0.0,0.0,0.0,-0.14392319758475536,0.0,0.0,0.0,0.8560768024152446,0.0,0.0,-0.04797439919491845,-0.03598079939618884,-0.0657729012962332,-0.12367320368458028,-0.0963134038237183,-0.0995948527286507,-0.13658311450793284],[0.0,0.0,0.0,0.0,0.0,0.0,0.0,0.0,0.0,0.0,0.0,1.0,0.0,0.0,0.0,0.0,0.0,0.0,0.0,0.0],[0.0,0.0,0.0,0.0,0.0,0.0,0.0,0.0,0.0,0.0,0.0,0.0,1.0,0.0,0.0,0.0,0.0,0.0,0.0,0.0],[0.0,-0.04797439919491845,0.0,0.0,0.0,0.0,-0.04797439919491845,0.0,0.0,0.0,-0.04797439919491845,0.0,0.0,0.9840085336016938,-0.011993599798729613,-0.021924300432