{"_version":28,"arms":{"park_low":{"A_inv":[[0.400607794239064,0.3230221561316626,0.23156813417833075,0.0,0.0,0.0,-0.04355618979319952,-0.0012457256577430471,0.0,0.0,-0.07691391532188553,0.032111999870943,0.0,0.018123146872570085,0.046691554681847006,-0.08645646064704939,-0.053563229528222164,-0.03803298811025079,-0.06050515555891654,-0.04877816609864061,-0.022400957725471286,-0.02240095772547128,-0.022400957725471283,-0.02240095772547128,0.0,-0.02240095772547128,0.0,0.0],[0.3230221561316626,0.36935926115074574,0.2310843733550638,0.0,0.0,0.0,-0.03431099228830805,-0.04222321707421959,0.0,0.0,-0.063160876895149,-0.013373332467378627,0.0,-0.016579728141125107,0.038637540998134046,0.07599563559817939,-0.06283942149675882,-0.018503267806549248,-0.06791396501766057,-0.07092519749400783,-0.03826710468126383,-0.03826710468126382,-0.038267104681263854,-0.03826710468126386,0.0,-0.03826710468126387,0.0,0.0],[0.23156813417833075,0.2310843733550638,0.4963092462428974,0.0,0.0,0.0,-0.023005189255047947,-0.018033056968660102,0.0,0.0,0.05562925644862953,-0.09666750267233754,0.0,-0.06434920437573202,-0.13618224999520268,-0.08352339968726742,-0.035551032416140715,-0.06581830537607172,0.018536404080285587,-0.03767286333621751,-0.02051912311185401,-0.020519123111854023,-0.020519123111854016,-0.020519123111853995,0.0,-0.020519123111854016,0.0,0.0],[0.0,0.0,0.0,1.0,0.0,0.0,0.0,0.0,0.0,0.0,0.0,0.0,0.0,0.0,0.0,0.0,0.0,0.0,0.0,0.0,0.0,0.0,0.0,0.0,0.0,0.0,0.0,0.0],[0.0,0.0,0.0,0.0,1.0,0.0,0.0,0.0,0.0,0.0,0.0,0.0,0.0,0.0,0.0,0.0,0.0,0.0,0.0,0.0,0.0,0.0,0.0,0.0,0.0,0.0,0.0,0.0],[0.0,0.0,0.0,0.0,0.0,1.0,0.0,0.0,0.0,0.0,0.0,0.0,0.0,0.0,0.0,0.0,0.0,0.0,0.0,0.0,0.0,0.0,0.0,0.0,0.0,0.0,0.0,0.0],[-0.04355618979319952,-0.03431099228830805,-0.023005189255047947,0.0,0.0,0.0,0.5273995261890393,0.3717281024744054,0.0,0.0,-0.04019998436112238,-0.06067238697543316,0.0,0.024903311141272495,-0.03096939014790085,-0.06590101597829227,-0.07687832623836992,-0.07589026135200806,-0.07375007858045382,-0.09030249920821584,-0.05043618566827775,-0.05043618566827776,-0.05043618566827777,-0.05043618566827777,0.0,-0.05043618566827776,0.0,0.0],[-0.0012457256577430471,-0.04222321707421959,-0.018033056968660102,0.0,0.0,0.0,0.3717281024744054,0.5667698978249719,0.0,0.0,-0.04424555140728262,-0.017256448293340117,0.0,-0.08770909678555958,-0.019883764167320715,-0.028083208757845354,-0.0750753572027518,-0.04646429994086375,-0.03613263791583775,-0.06707372772065011,-0.03075099985031138,-0.030750999850311385,-0.030750999850311347,-0.03075099985031136,0.0,-0.03075099985031136,0.0,0.0],[0.0,0.0,0.0,0.0,0.0,0.0,0.0,0.0,1.0,0.0,0.0,0.0,0.0,0.0,0.0,0.0,0.0,0.0,0.0,0.0,0.0,0.0,0.0,0.0,0.0,0.0,0.0,0.0],[0.0,0.0,0.0,0.0,0.0,0.0,0.0,0.0,0.0,1.0,0.0,0.0,0.0,0.0,0.0,0.0,0.0,0.0,0.0,0.0,0.0,0.0,0.0,0.0,0.0,0.0,0.0,0.0],[-0.07691391532188553,-0.063160876895149,0.05562925644862953,0.0,0.0,0.0,-0.04019998436112238,-0.04424555140728262,0.0,0.0,0.5297139698699803,0.38584049436161433,0.0,-0.03939004405095028,-0.0072040698299438415,-0.04241555208371434,-0.08063573945140615,-0.058929398474242216,-0.06445947035849751,-0.09703374625529214,-0.04222276788420252,-0.042222767884202546,-0.042222767884202546,-0.04222276788420252,0.0,-0.042222767884202525,0.0,0.0],[0.032111999870943,-0.013373332467378627,-0.09666750267233754,0.0,0.0,0.0,-0.06067238697543316,-0.017256448293340117,0.0,0.0,0.38584049436161433,0.5362306703696125,0.0,-0.02341574159333683,-0.043649084485277705,-0.05156867265242323,-0.07131794398971543,-0.0634251628186295,-0.04542324613779403,-0.060342480673573874,-0.03896441763438664,-0.03896441763438662,-0.03896441763438662,-0.03896441763438663,0.0,-0.038964417634386614,0.0,0.0],[0.0,0.0,0.0,0.0,0.0,0.0,0.0,0.0,0.0,0.0,0.0,0.0,1.0,0.0,0.0,0.0,0.0,0.0,0.0,0.0,0.0,0.0,0.0,0.0,0.0,0.0,0.0,0.0],[0.018123146872570085,-0.016579728141125107,-0.06434920437573202,0.0,0.0,0.0,0.024903311141272495,-0.08770909678555958,0.0,0.0,-0.03939004405095028,-0.02341574159333683,0.0,0.8774574473221096,-0.03178874750500477,-0.03885583105521128,-0.04104949677707133,-0.04949132884411129,-0.03659403274465941,-0.06131762897604986,-0.03140289282214353,-0.03140289282214353,-0.031402892822143515,-0.03140289282214352,0.0,-0.031402892822143494,0.0,0.0],[0.046691554681847006,0.038637540998134046,-0.13618224999520268,0.0,0.0,0.0,-0.03096939014790085,-0.019883764167320715,0.0,0.0,-0.0072040698299438415,-0.043649084485277705,0.0,-0.03178874750500477,0.9532411489223941,-0.04437690610585126,-0.046876178964315625,-0.04704321666723586,-0.022836578104001498,-0.04876227256627085,-0.02542657715761079,-0.025426577157610784,-0.02542657715761079,-0.025426577157610777,0.0,-0.025426577157610788,0.0,0.0],[-0.08645646064704939,0.07599563559817939,-0.08352339968726742,0.0,0.0,0.0,-0.06590101597829227,-0.028083208757845354,0.0,0.0,-0.04241555208371434,-0.05156867265242323,0.0,-0.03885583105521128,-0.04437690610585126,0.9208425239520023,-0.09017976247598763,-0.07949700924694737,-0.059621681900932866,-0.09190553234339445,-0.04699211236806881,-0.04699211236806881,-0.046992112368068814,-0.046992112368068814,0.0,-0.046992112368068814,0.0,0.0],[-0.053563229528222164,-0.06283942149675882,-0.035551032416140715,0.0,0.0,0.0,-0.07687832623836992,-0.0750753572027518,0.0,0.0,-0.08063573945140615,-0.07131794398971543,0.0,-0.04104949677707133,-0.046876178964315625,-0.09017976247598763,0.8477626869742524,-0.11666345675623387,-0.10388667691347886,-0.14961226029225885,-0.07597684172056086,-0.07597684172056085,-0.07597684172056085,-0.07597684172056084,0.0,-0.07597684172056085,0.0,0.0],[-0.03803298811025079,-0.018503267806549248,-0.06581830537607172,0.0,0.0,0.0,-0.07589026135200806,-0.04646429994086375,0.0,0.0,-0.058929398474242216,-0.0634251628186295,0.0,-0.04949132884411129,-0.04704321666723586,-0.07949700924694737,-0.11666345675623387,0.9036043316882327,-0.08019145409739772,-0.11939990462406157,-0.06117728064643584,-0.061177280646435836,-0.06117728064643586,-0.06117728064643585,0.0,-0.06117728064643585,0.0,0.0],[-0.06050515555891654,-0.06791396501766057,0.018536404080285587,0.0,0.0,0.0,-0.07375007858045382,-0.03613263791583775,0.0,0.0,-0.06445947035849751,-0.04542324613779403,0.0,-0.03659403274465941,-0.022836578104001498,-0.059621681900932866,-0.10388667691347886,-0.08019145409739772,0.9209632409289495,-0.10701100057683342,-0.0549413582481458,-0.05494135824814579,-0.0549413582481458,-0.0549413582481458,0.0,-0.054941358248145805,0.0,0.0],[-0.04877816609864061,-0.07092519749400783,-0.03767286333621751,0.0,0.0,0.0,-0.09030249920821584,-0.06707372772065011,0.0,0.0,-0.09703374625529214,-0.060342480673573874,0.0,-0.06131762897604986,-0.04876227256627085,-0.09190553234339445,-0.14961226029225885,-0.11939990462406157,-0.10701100057683342,0.8460133848990776,-0.078688113464433,-0.07868811346443298,-0.078688113464433,-0.078688113464433,0.0,-0.078688113464433,0.0,0.0],[-0.022400957725471286,-0.03826710468126383,-0.02051912311185401,0.0,0.0,0.0,-0.05043618566827775,-0.03075099985031138,0.0,0.0,-0.04222276788420252,-0.03896441763438664,0.0,-0.03140289282214353,-0.02542657715761079,-0.04699211236806881,-0.07597684172056086,-0.06117728064643584,-0.0549413582481458,-0.078688113464433,0.9594064072407056,-0.04059359275929459,-0.04059359275929459,-0.04059359275929458,0.0,-0.04059359275929459,0.0,0.0],[-0.02240095772547128,-0.03826710468126382,-0.020519123111854023,0.0,0.0,0.0,-0.05043618566827776,-0.030750999850311385,0.0,0.0,-0.042222767884202546,-0.03896441763438662,0.0,-0.03140289282214353,-0.025426577157610784,-0.04699211236806881,-0.07597684172056085,-0.061177280646435836,-0.05494135824814579,-0.07868811346443298,-0.04059359275929459,0.9594064072407056,-0.04059359275929459,-0.0405935927592946,0.0,-0.04059359275929459,0.0,0.0],[-0.022400957725471283,-0.038267104681263854,-0.020519123111854016,0.0,0.0,0.0,-0.05043618566827777,-0.030750999850311347,0.0,0.0,-0.042222767884202546,-0.03896441763438662,0.0,-0.031402892822143515,-0.02542657715761079,-0.046992112368068814,-0.07597684172056085,-0.06117728064643586,-0.0549413582481458,-0.078688113464433,-0.04059359275929459,-0.04059359275929459,0.9594064072407057,-0.040593592759294576,0.0,-0.04059359275929458,0.0,0.0],[-0.02240095772547128,-0.03826710468126386,-0.020519123111853995,0.0,0.0,0.0,-0.05043618566827777,-0.03075099985031136,0.0,0.0,-0.04222276788420252,-0.03896441763438663,0.0,-0.03140289282214352,-0.025426577157610777,-0.046992112368068814,-0.07597684172056084,-0.06117728064643585,-0.0549413582481458,-0.078688113464433,-0.04059359275929458,-0.0405935927592946,-0.040593592759294576,0.9594064072407057,0.0,-0.04059359275929459,0.0,0.0],[0.0,0.0,0.0,0.0,0.0,0.0,0.0,0.0,0.0,0.0,0.0,0.0,0.0,0.0,0.0,0.0,0.0,0.0,0.0,0.0,0.0,0.0,0.0,0.0,1.0,0.0,0.0,0.0],[-0.02240095772547128,-0.03826710468126387,-0.020519123111854016,0.0,0.0,0.0,-0.05043618566827776,-0.03075099985031136,0.0,0.0,-0.042222767884202525,-0.038964417634386614,0.0,-0.031402892822143494,-0.025426577157610788,-0.046992112368068814,-0.07597684172056085,-0.06117728064643585,-0.054941358248145805,-0.078688113464433,-0.04059359275929459,-0.04059359275929459,-0.04059359275929458,-0.04059359275929459,0.0,0.9594064072407057,0.0,0.0],[0.0,0.0,0.0,0.0,0.0,0.0,0.0,0.0,0.0,0.0,0.0,0.0,0.0,0.0,0.0,0.0,0.0,0.0,0.0,0.0,0.0,0.0,0.0,0.0,0.0,0.0,1.0,0.0],[0.0,0.0,0.0,0.0,0.0,0.0,0.0,0.0,0.0,0.0,0.0,0.0,0.0,0.0,0.0,0.0,0.0,0.0,0.0,0.0,0.0,0.0,0.0,0.0,0.0,0.0,0.0,1.0]],"b":[37.31871999999999,11.1018,5.93912,0.0,0.0,0.0,52.52727999999999,1.83236,0.0,0.0,46.57687999999999,7.7827600000000015,0.0,17.878208000000004,15.07469,34.375195904,50.880673708,41.406453484,38.112052632,53.326586512,27.179819999999992,27.179819999999992,27.179819999999992,27.179819999999992,0.0,27.179819999999992,0.0,0.0],"n_updates":74},"park_medium":{"A_inv":[[1.0,0.0,0.0,0.0,0.0,0.0,0.0,0.0,0.0,0.0,0.0,0.0,0.0,0.0,0.0,0.0,0.0,0.0,0.0,0.0,0.0,0.0,0.0,0.0,0.0,0.0,0.0,0.0],[0.0,1.0,0.0,0.0,0.0,0.0,0.0,0.0,0.0,0.0,0.0,0.0,0.0,0.0,0.0,0.0,0.0,0.0,0.0,0.0,0.0,0.0,0.0,0.0,0.0,0.0,0.0,0.0],[0.0,0.0,0.8866510507859615,0.0,0.0,0.0,-0.11334894921403843,0.0,0.0,0.0,0.0,-0.11334894921403843,0.0,-0.045339579685615375,-0.056674474607019215,-0.07796140726941563,-0.10127728612274334,-0.0908151781102876,-0.0690068402815066,-0.10623063520339682,-0.056674474607019215,-0.056674474607019215,-0.056674474607019215,-0.056674474607019215,0.0,-0.056674474607019215,0.0,0.0],[0.0,0.0,0.0,1.0,0.0,0.0,0.0,0.0,0.0,0.0,0.0,0.0,0.0,0.0,0.0,0.0,0.0,0.0,0.0,0.0,0.0,0.0,0.0,0.0,0.0,0.0,0.0,0.0],[0.0,0.0,0.0,0.0,1.0,0.0,0.0,0.0,0.0,0.0,0.0,0.0,0.0,0.0,0.0,0.0,0.0,0.0,0.0,0.0,0.0,0.0,0.0,0.0,0.0,0.0,0.0,0.0],[0.0,0.0,0.0,0.0,0.0,1.0,0.0,0.0,0.0,0.0,0.0,0.0,0.0,0.0,0.0,0.0,0.0,0.0,0.0,0.0,0.0,0.0,0.0,0.0,0.0,0.0,0.0,0.0],[0.0,0.0,-0.11334894921403843,0.0,0.0,0.0,0.8866510507859615,0.0,0.0,0.0,0.0,-0.11334894921403843,0.0,-0.045339579685615375,-0.056674474607019215,-0.07796140726941563,-0.10127728612274334,-0.0908151781102876,-0.0690068402815066,-0.10623063520339682,-0.056674474607019215,-0.056674474607019215,-0.056674474607019215,-0.056674474607019215,0.0,-0.056674474607019215,0.0,0.0],[0.0,0.0,0.0,0.0,0.0,0.0,0.0,1.0,0.0,0.0,0.0,0.0,0.0,0.0,0.0,0.0,0.0,0.0,0.0,0.0,0.0,0.0,0.0,0.0,0.0,0.0,0.0,0.0],[0.0,0.0,0.0,0.0,0.0,0.0,0.0,0.0,1.0,0.0,0.0,0.0,0.0,0.0,0.0,0.0,0.0,0.0,0.0,0.0,0.0,0.0,0.0,0.0,0.0,0.0,0.0,0.0],[0.0,0.0,0.0,0.0,0.0,0.0,0.0,0.0,0.0,1.0,0.0,0.0,0.0,0.0,0.0,0.0,0.0,0.0,0.0,0.0,0.0,0.0,0.0,0.0,0.0,0.0,0.0,0.0],[0.0,0.0,0.0,0.0,0.0,0.0,0.0,0.0,0.0,0.0,1.0,0.0,0.0,0.0,0.0,0.0,0.0,0.0,0.0,0.0,0.0,0.0,0.0,0.0,0.0,0.0,0.0,0.0],[0.0,0.0,-0.11334894921403843,0.0,0.0,0.0,-0.11334894921403843,0.0,0.0,0.0,0.0,0.8866510507859615,0.0,-0.045339579685615375,-0.056674474607019215,-0.07796140726941563,-0.10127728612274334,-0.0908151781102876,-0.0690068402815066,-0.10623063520339682,-0.056674474607019215,-0.056674474607019215,-0.056674474607019215,-0.056674474607019215,0.0,-0.056674474607019215,0.0,0.0],[0.0,0.0,0.0,0.0,0.0,0.0,0.0,0.0,0.0,0.0,0.0,0.0,1.0,0.0,0.0,0.0,0.0,0.0,0.0,0.0,0.0,0.0,0.0,0.0,0.0,0.0,0.0,0.0],[0.0,0.0,-0.045339579685615375,0.0,0.0,0.0,-0.045339579685615375,0.0,0.0,0.0,0.0,-0.045339579685615375,0.0,0.9818641681257538,-0.022669789842807687,-0.03118456290776625,-0.04051091444909734,-0.03632607124411504,-0.02760273611260264,-0.04249225408135873,-0.022669789842807687,-0.022669789842807687,-0.022669789842807687,-0.022669789842807687,0.0,-0.022669789842807687,0.0,0.0],[0.0,0.0,-0.056674474607019215,0.0,0.0,0.0,-0.056674474607019215,0.0,0.0,0.0,0.0,-0.056674474607019215,0.0,-0.022669789842807687,0.9716627626964904,-0.03898070363470781,-0.05063864306137167,-0.0454075890551438,-0.0345034201407533,-0.05311531760169841,-0.028337237303509608,-0.028337237303509608,-0.028337237303509608,-0.028337237303509608,0.0,-0.028337237303509608,0.0,0.0],[0.0,0.0,-0.07796140726941563,0.0,0.0,0.0,-0.07796140726941563,0.0,0.0,0.0,0.0,-0.07796140726941563,0.0,-0.03118456290776625,-0.03898070363470781,0.9463781440800959,-0.06965851739522287,-0.062462679504255804,-0.04746290474562024,-0.07306543089289634,-0.03898070363470781,-0.03898070363470781,-0.03898070363470781,-0.03898070363470781,0.0,-0.03898070363470781,0.0,0.0],[0.0,0.0,-0.10127728612274334,0.0,0.0,0.0,-0.10127728612274334,0.0,0.0,0.0,0.0,-0.10127728612274334,0.0,-0.04051091444909734,-0.05063864306137167,-0.06965851739522287,0.9095087448493289,-0.08114336164154196,-0.061657611791526144,-0.09491707255423507,-0.05063864306137167,-0.05063864306137167,-0.05063864306137167,-0.05063864306137167,0.0,-0.05063864306137167,0.0,0.0],[0.0,0.0,-0.0908151781102876,0.0,0.0,0.0,-0.0908151781102876,0.0,0.0,0.0,0.0,-0.0908151781102876,0.0,-0.03632607124411504,-0.0454075890551438,-0.062462679504255804,-0.08114336164154196,0.9272388792980376,-0.055288280433543086,-0.08511198492496154,-0.0454075890551438,-0.0454075890551438,-0.0454075890551438,-0.0454075890551438,0.0,-0.0454075890551438,0.0,0.0],[0.0,0.0,-0.0690068402815066,0.0,0.0,0.0,-0.0690068402815066,0.0,0.0,0.0,0.0,-0.0690068402815066,0.0,-0.02760273611260264,-0.0345034201407533,-0.04746290474562024,-0.061657611791526144,-0.055288280433543086,0.9579886356366187,-0.064673210711828,-0.0345034201407533,-0.0345034201407533,-0.0345034201407533,-0.0345034201407533,0.0,-0.0345034201407533,0.0,0.0],[0.0,0.0,-0.10623063520339682,0.0,0.0,0.0,-0.10623063520339682,0.0,0.0,0.0,0.0,-0.10623063520339682,0.0,-0.04249225408135873,-0.05311531760169841,-0.07306543089289634,-0.09491707255423507,-0.08511198492496154,-0.064673210711828,0.9004406486873765,-0.05311531760169841,-0.05311531760169841,-0.05311531760169841,-0.05311531760169841,0.0,-0.05311531760169841,0.0,0.0],[0.0,0.0,-0.056674474607019215,0.0,0.0,0.0,-0.056674474607019215,0.0,0.0,0.0,0.0,-0.056674474607019215,0.0,-0.022669789842807687,-0.028337237303509608,-0.03898070363470781,-0.05063864306137167,-0.0454075890551438,-0.0345034201407533,-0.05311531760169841,0.9716627626964904,-0.028337237303509608,-0.028337237303509608,-0.028337237303509608,0.0,-0.028337237303509608,0.0,0.0],[0.0,0.0,-0.056674474607019215,0.0,0.0,0.0,-0.056674474607019215,0.0,0.0,0.0,0.0,-0.056674474607019215,0.0,-0.022669789842807687,-0.028337237303509608,-0.03898070363470781,-0.05063864306137167,-0.0454075890551438,-0.0345034201407533,-0.05311531760169841,-0.028337237303509608,0.9716627626964904,-0.028337237303509608,-0.028337237303509608,0.0,-0.028337237303509608,0.0,0.0],[0.0,0.0,-0.056674474607019215,0.0,0.0,0.0,-0.056674474607019215,0.0,0.0,0.0,0.0,-0.056674474607019215,0.0,-0.022669789842807687,-0.028337237303509608,-0.03898070363470781,-0.05063864306137167,-0.0454075890551438,-0.0345034201407533,-0.05311531760169841,-0.028337237303509608,-0.028337237303509608,0.9716627626964904,-0.028337237303509608,0.0,-0.028337237303509608,0.0,0.0],[0.0,0.0,-0.056674474607019215,0.0,0.0,0.0,-0.056674474607019215,0.0,0.0,0.0,0.0,-0.056674474607019215,0.0,-0.022669789842807687,-0.028337237303509608,-0.03898070363470781,-0.05063864306137167,-0.0454075890551438,-0.0345034201407533,-0.05311531760169841,-0.028337237303509608,-0.028337237303509608,-0.028337237303509608,0.9716627626964904,0.0,-0.028337237303509608,0.0,0.0],[0.0,0.0,0.0,0.0,0.0,0.0,0.0,0.0,0.0,0.0,0.0,0.0,0.0,0.0,0.0,0.0,0.0,0.0,0.0,0.0,0.0,0.0,0.0,0.0,1.0,0.0,0.0,0.0],[0.0,0.0,-0.056674474607019215,0.0,0.0,0.0,-0.056674474607019215,0.0,0.0,0.0,0.0,-0.056674474607019215,0.0,-0.022669789842807687,-0.028337237303509608,-0.03898070363470781,-0.05063864306137167,-0.0454075890551438,-0.0345034201407533,-0.05311531760169841,-0.028337237303509608,-0.028337237303509608,-0.028337237303509608,-0.028337237303509608,0.0,0.9716627626964904,0.0,0.0],[0.0,0.0,0.0,0.0,0.0,0.0,0.0,0.0,0.0,0.0,0.0,0.0,0.0,0.0,0.0,0.0,0.0,0.0,0.0,0.0,0.0,0.0,0.0,0.0,0.0,0.0,1.0,0.0],[0.0,0.0,0.0,0.0,0.0,0.0,0.0,0.0,0.0,0.0,0.0,0.0,0.0,0.0,0.0,0.0,0.0,0.0,0.0,0.0,0.0,0.0,0.0,0.0,0.0,0.0,0.0,1.0]],"b":[0.0,0.0,0.70852,0.0,0.0,0.0,0.70852,0.0,0.0,0.0,0.0,0.70852,0.0,0.28340800000000005,0.35426,0.487320056,0.63306262,0.567666224,0.43134697600000005,0.664024944,0.35426,0.35426,0.35426,0.35426,0.0,0.35426,0.0,0.0],"n_updates":1},"bookstore_medium":{"A_inv":[[0.7420169699403573,0.0,0.0,0.0,0.19020293030965907,0.0,-0.2579830300596429,0.0,0.19020293030965907,0.0,-0.06778009974998386,0.0,0.0,0.009107121801615227,-0.01694502493749597,-0.09360326028402706,-0.06197061429264212,-0.04521773256026427,-0.04279687812623652,-0.06457808176727843,-0.03389004987499193,-0.033890049874991925,-0.03389004987499193,-0.03389004987499193,0.0,-0.03389004987499194,0.0,0.0],[0.0,1.0,0.0,0.0,0.0,0.0,0.0,0.0,0.0,0.0,0.0,0.0,0.0,0.0,0.0,0.0,0.0,0.0,0.0,0.0,0.0,0.0,0.0,0.0,0.0,0.0,0.0,0.0],[0.0,0.0,1.0,0.0,0.0,0.0,0.0,0.0,0.0,0.0,0.0,0.0,0.0,0.0,0.0,0.0,0.0,0.0,0.0,0.0,0.0,0.0,0.0,0.0,0.0,0.0,0.0,0.0],[0.0,0.0,0.0,1.0,0.0,0.0,0.0,0.0,0.0,0.0,0.0,0.0,0.0,0.0,0.0,0.0,0.0,0.0,0.0,0.0,0.0,0.0,0.0,0.0,0.0,0.0,0.0,0.0],[0.19020293030965907,0.0,0.0,0.0,0.7350279528638771,0.0,0.19020293030965907,0.0,-0.2649720471361231,0.0,-0.07476911682646403,0.0,0.0,-0.0690850467981752,-0.018692279206616,-0.028179555205654308,-0.06011562113507171,-0.06792566553605531,-0.050705122442132676,-0.07124039965681964,-0.037384558413231996,-0.03738455841323198,-0.03738455841323199,-0.03738455841323199,0.0,-0.03738455841323198,0.0,0.0],[0.0,0.0,0.0,0.0,0.0,1.0,0.0,0.0,0.0,0.0,0.0,0.0,0.0,0.0,0.0,0.0,0.0,0.0,0.0,0.0,0.0,0.0,0.0,0.0,0.0,0.0,0.0,0.0],[-0.2579830300596429,0.0,0.0,0.0,0.19020293030965907,0.0,0.7420169699403573,0.0,0.19020293030965907,0.0,-0.06778009974998386,0.0,0.0,0.009107121801615227,-0.01694502493749597,-0.09360326028402706,-0.06197061429264212,-0.04521773256026427,-0.04279687812623652,-0.06457808176727843,-0.03389004987499193,-0.033890049874991925,-0.03389004987499193,-0.03389004987499193,0.0,-0.03389004987499194,0.0,0.0],[0.0,0.0,0.0,0.0,0.0,0.0,0.0,1.0,0.0,0.0,0.0,0.0,0.0,0.0,0.0,0.0,0.0,0.0,0.0,0.0,0.0,0.0,0.0,0.0,0.0,0.0,0.0,0.0],[0.19020293030965907,0.0,0.0,0.0,-0.2649720471361231,0.0,0.19020293030965907,0.0,0.7350279528638771,0.0,-0.07476911682646403,0.0,0.0,-0.0690850467981752,-0.018692279206616,-0.028179555205654308,-0.06011562113507171,-0.06792566553605531,-0.050705122442132676,-0.07124039965681964,-0.037384558413231996,-0.03738455841323198,-0.03738455841323199,-0.03738455841323199,0.0,-0.03738455841323198,0.0,0.0],[0.0,0.0,0.0,0.0,0.0,0.0,0.0,0.0,0.0,1.0,0.0,0.0,0.0,0.0,0.0,0.0,0.0,0.0,0.0,0.0,0.0,0.0,0.0,0.0,0.0,0.0,0.0,0.0],[-0.06778009974998386,0.0,0.0,0.0,-0.07476911682646403,0.0,-0.06778009974998386,0.0,-0.07476911682646403,0.0,0.8574507834235523,0.0,0.0,-0.05997792499655994,-0.03563730414411195,-0.12178281548968134,-0.12208623542771384,-0.11314339809631954,-0.09350200056836915,-0.13581848142409803,-0.07127460828822392,-0.07127460828822392,-0.07127460828822392,-0.07127460828822392,0.0,-0.07127460828822392,0.0,0.0],[0.0,0.0,0.0,0.0,0.0,0.0,0.0,0.0,0.0,0.0,0.0,1.0,0.0,0.0,0.0,0.0,0.0,0.0,0.0,0.0,0.0,0.0,0.0,0.0,0.0,0.0,0.0,0.0],[0.0,0.0,0.0,0.0,0.0,0.0,0.0,0.0,0.0,0.0,0.0,0.0,1.0,0.0,0.0,0.0,0.0,0.0,0.0,0.0,0.0,0.0,0.0,0.0,0.0,0.0,0.0,0.0],[0.009107121801615227,0.0,0.0,0.0,-0.0690850467981752,0.0,0.009107121801615227,0.0,-0.0690850467981752,0.0,-0.05997792499655994,0.0,0.0,0.9684931838681176,-0.014994481249139985,-0.0452908643641695,-0.050714681998416555,-0.04903541028811572,-0.039618187263145165,-0.05714622708416929,-0.029988962498279967,-0.029988962498279967,-0.029988962498279967,-0.029988962498279967,0.0,-0.029988962498279963,0.0,0.0],[-0.01694502493749597,0.0,0.0,0.0,-0.018692279206616,0.0,-0.01694502493749597,0.0,-0.018692279206616,0.0,-0.03563730414411195,0.0,0.0,-0.014994481249139985,0.991090673963972,-0.03044570387242034,-0.030521558856928456,-0.028285849524079885,-0.02337550014209229,-0.033954620356024506,-0.017818652072055977,-0.017818652072055977,-0.017818652072055977,-0.017818652072055977,0.0,-0.017818652072055977,0.0,0.0],[-0.09360326028402706,0.0,0.0,0.0,-0.028179555205654308,0.0,-0.09360326028402706,0.0,-0.028179555205654308,0.0,-0.12178281548968134,0.0,0.0,-0.0452908643641695,-0.03044570387242034,0.8902320104461504,-0.10534833543115163,-0.09548639127036693,-0.07806484546502938,-0.11621469214520505,-0.06089140774484067,-0.06089140774484067,-0.06089140774484068,-0.06089140774484068,0.0,-0.06089140774484068,0.0,0.0],[-0.06197061429264212,0.0,0.0,0.0,-0.06011562113507171,0.0,-0.06197061429264212,0.0,-0.06011562113507171,0.0,-0.12208623542771384,0.0,0.0,-0.050714681998416555,-0.030521558856928456,-0.10534833543115163,0.8931346644350119,-0.09770644437932006,-0.07192701626190688,-0.11727548691774814,-0.06104311771385692,-0.06104311771385691,-0.06104311771385691,-0.06104311771385691,0.0,-0.06104311771385692,0.0,0.0],[-0.04521773256026427,0.0,0.0,0.0,-0.06792566553605531,0.0,-0.04521773256026427,0.0,-0.06792566553605531,0.0,-0.11314339809631954,0.0,0.0,-0.04903541028811572,-0.028285849524079885,-0.09548639127036693,-0.09770644437932006,0.9094635404693988,-0.07081247510952914,-0.1082079524994723,-0.056571699048159764,-0.056571699048159764,-0.056571699048159764,-0.056571699048159764,0.0,-0.056571699048159764,0.0,0.0],[-0.04279687812623652,0.0,0.0,0.0,-0.050705122442132676,0.0,-0.04279687812623652,0.0,-0.050705122442132676,0.0,-0.09350200056836915,0.0,0.0,-0.039618187263145165,-0.02337550014209229,-0.07806484546502938,-0.07192701626190688,-0.07081247510952914,0.9091483853025358,-0.08562253855846615,-0.04675100028418457,-0.046751000284184586,-0.046751000284184586,-0.046751000284184586,0.0,-0.04675100028418459,0.0,0.0],[-0.06457808176727843,0.0,0.0,0.0,-0.07124039965681964,0.0,-0.06457808176727843,0.0,-0.07124039965681964,0.0,-0.13581848142409803,0.0,0.0,-0.05714622708416929,-0.033954620356024506,-0.11621469214520505,-0.11727548691774814,-0.1082079524994723,-0.08562253855846615,0.8701876745125732,-0.067909240712049,-0.067909240712049,-0.067909240712049,-0.06790924071204901,0.0,-0.06790924071204901,0.0,0.0],[-0.03389004987499193,0.0,0.0,0.0,-0.037384558413231996,0.0,-0.03389004987499193,0.0,-0.037384558413231996,0.0,-0.07127460828822392,0.0,0.0,-0.029988962498279967,-0.017818652072055977,-0.06089140774484067,-0.06104311771385692,-0.056571699048159764,-0.04675100028418457,-0.067909240712049,0.964362695855888,-0.03563730414411195,-0.03563730414411195,-0.03563730414411195,0.0,-0.03563730414411195,0.0,0.0],[-0.033890049874991925,0.0,0.0,0.0,-0.03738455841323198,0.0,-0.033890049874991925,0.0,-0.03738455841323198,0.0,-0.07127460828822392,0.0,0.0,-0.029988962498279967,-0.017818652072055977,-0.06089140774484067,-0.06104311771385691,-0.056571699048159764,-0.046751000284184586,-0.067909240712049,-0.03563730414411195,0.964362695855888,-0.03563730414411195,-0.03563730414411195,0.0,-0.03563730414411195,0.0,0.0],[-0.03389004987499193,0.0,0.0,0.0,-0.03738455841323199,0.0,-0.03389004987499193,0.0,-0.03738455841323199,0.0,-0.07127460828822392,0.0,0.0,-0.029988962498279967,-0.017818652072055977,-0.06089140774484068,-0.06104311771385691,-0.056571699048159764,-0.046751000284184586,-0.067909240712049,-0.03563730414411195,-0.03563730414411195,0.964362695855888,-0.03563730414411195,0.0,-0.03563730414411195,0.0,0.0],[-0.03389004987499193,0.0,0.0,0.0,-0.03738455841323199,0.0,-0.03389004987499193,0.0,-0.03738455841323199,0.0,-0.07127460828822392,0.0,0.0,-0.029988962498279967,-0.017818652072055977,-0.06089140774484068,-0.06104311771385691,-0.056571699048159764,-0.046751000284184586,-0.06790924071204901,-0.03563730414411195,-0.03563730414411195,-0.03563730414411195,0.964362695855888,0.0,-0.03563730414411195,0.0,0.0],[0.0,0.0,0.0,0.0,0.0,0.0,0.0,0.0,0.0,0.0,0.0,0.0,0.0,0.0,0.0,0.0,0.0,0.0,0.0,0.0,0.0,0.0,0.0,0.0,1.0,0.0,0.0,0.0],[-0.03389004987499194,0.0,0.0,0.0,-0.03738455841323198,0.0,-0.03389004987499194,0.0,-0.03738455841323198,0.0,-0.07127460828822392,0.0,0.0,-0.029988962498279963,-0.017818652072055977,-0.06089140774484068,-0.06104311771385692,-0.056571699048159764,-0.04675100028418459,-0.06790924071204901,-0.03563730414411195,-0.03563730414411195,-0.03563730414411195,-0.03563730414411195,0.0,0.964362695855888,0.0,0.0],[0.0,0.0,0.0,0.0,0.0,0.0,0.0,0.0,0.0,0.0,0.0,0.0,0.0,0.0,0.0,0.0,0.0,0.0,0.0,0.0,0.0,0.0,0.0,0.0,0.0,0.0,1.0,0.0],[0.0,0.0,0.0,0.0,0.0,0.0,0.0,0.0,0.0,0.0,0.0,0.0,0.0,0.0,0.0,0.0,0.0,0.0,0.0,0.0,0.0,0.0,0.0,0.0,0.0,0.0,0.0,1.0]],"b":[3.4928000000000003,0.0,0.0,0.0,6.64088,0.0,3.4928000000000003,0.0,6.64088,0.0,10.133680000000002,0.0,0.0,4.484706666666666,2.5334200000000004,8.444795508,8.640225576,8.086919932,6.713900788,9.648495212,5.066840000000001,5.066840000000001,5.066840000000001,5.066840000000001,0.0,5.066840000000001,0.0,0.0],"n_updates":12},"park_high":{"A_inv":[[0.5073230052182718,0.4143530511334989,0.0,0.0,0.0,0.0,-0.06726251635334357,-0.011061427294885991,0.0,0.0,-0.07832394364822953,0.0,0.0,-0.017120473214369776,-0.019580985912057383,-0.13591753698843764,-0.060402670512576515,-0.07711429611715544,-0.011146833220099121,-0.07464140772954796,-0.03916197182411479,-0.03916197182411479,-0.03916197182411481,-0.0391619718241148,0.0,-0.03916197182411479,0.0,0.0],[0.4143530511334989,0.4816543105550434,0.0,0.0,0.0,0.0,-0.059564630703256294,-0.0444280076082015,0.0,0.0,-0.10399263831145779,0.0,0.0,-0.05127450412688223,-0.02599815957786444,0.04558014783075429,-0.03968351863404124,-0.031737418045469534,-0.08165435221767861,-0.07487417627352412,-0.051996319155728866,-0.05199631915572883,-0.05199631915572887,-0.051996319155728846,0.0,-0.05199631915572887,0.0,0.0],[0.0,0.0,1.0,0.0,0.0,0.0,0.0,0.0,0.0,0.0,0.0,0.0,0.0,0.0,0.0,0.0,0.0,0.0,0.0,0.0,0.0,0.0,0.0,0.0,0.0,0.0,0.0,0.0],[0.0,0.0,0.0,1.0,0.0,0.0,0.0,0.0,0.0,0.0,0.0,0.0,0.0,0.0,0.0,0.0,0.0,0.0,0.0,0.0,0.0,0.0,0.0,0.0,0.0,0.0,0.0,0.0],[0.0,0.0,0.0,0.0,1.0,0.0,0.0,0.0,0.0,0.0,0.0,0.0,0.0,0.0,0.0,0.0,0.0,0.0,0.0,0.0,0.0,0.0,0.0,0.0,0.0,0.0,0.0,0.0],[0.0,0.0,0.0,0.0,0.0,1.0,0.0,0.0,0.0,0.0,0.0,0.0,0.0,0.0,0.0,0.0,0.0,0.0,0.0,0.0,0.0,0.0,0.0,0.0,0.0,0.0,0.0,0.0],[-0.06726251635334357,-0.059564630703256294,0.0,0.0,0.0,0.0,0.5900873499223964,0.2830855030210038,0.0,0.0,-0.12682714705659986,0.0,0.0,0.004126886991875248,-0.031706786764149966,-0.0573820810976744,-0.05955724511306956,-0.0762753417971072,-0.06295577716448506,-0.09773607469435995,-0.06341357352829992,-0.0634135735282999,-0.06341357352829988,-0.06341357352829988,0.0,-0.06341357352829988,0.0,0.0],[-0.011061427294885991,-0.0444280076082015,0.0,0.0,0.0,0.0,0.2830855030210038,0.6614250620759088,0.0,0.0,-0.05548943490308742,0.0,0.0,-0.0725218643331272,-0.013872358725771855,-0.03295530806000895,-0.04052894403354825,-0.032576372365517775,-0.029845408273292708,-0.051779509308712085,-0.02774471745154372,-0.02774471745154373,-0.027744717451543763,-0.02774471745154377,0.0,-0.02774471745154378,0.0,0.0],[0.0,0.0,0.0,0.0,0.0,0.0,0.0,0.0,1.0,0.0,0.0,0.0,0.0,0.0,0.0,0.0,0.0,0.0,0.0,0.0,0.0,0.0,0.0,0.0,0.0,0.0,0.0,0.0],[0.0,0.0,0.0,0.0,0.0,0.0,0.0,0.0,0.0,1.0,0.0,0.0,0.0,0.0,0.0,0.0,0.0,0.0,0.0,0.0,0.0,0.0,0.0,0.0,0.0,0.0,0.0,0.0],[-0.07832394364822953,-0.10399263831145779,0.0,0.0,0.0,0.0,-0.12682714705659986,-0.05548943490308742,0.0,0.0,0.8176834180403127,0.0,0.0,-0.06839497734125194,-0.04557914548992183,-0.09033738915768334,-0.1000861891466178,-0.10885171416262499,-0.09280118543777774,-0.14951558400307205,-0.09115829097984365,-0.09115829097984365,-0.09115829097984365,-0.09115829097984365,0.0,-0.09115829097984367,0.0,0.0],[0.0,0.0,0.0,0.0,0.0,0.0,0.0,0.0,0.0,0.0,0.0,1.0,0.0,0.0,0.0,0.0,0.0,0.0,0.0,0.0,0.0,0.0,0.0,0.0,0.0,0.0,0.0,0.0],[0.0,0.0,0.0,0.0,0.0,0.0,0.0,0.0,0.0,0.0,0.0,0.0,1.0,0.0,0.0,0.0,0.0,0.0,0.0,0.0,0.0,0.0,0.0,0.0,0.0,0.0,0.0,0.0],[-0.017120473214369776,-0.05127450412688223,0.0,0.0,0.0,0.0,0.004126886991875248,-0.0725218643331272,0.0,0.0,-0.06839497734125194,0.0,0.0,0.9227064203644415,-0.017098744335312985,-0.029985967874571643,-0.02777161050957294,-0.034219651160560895,-0.019618309703311094,-0.058992833685608724,-0.03419748867062598,-0.034197488670626,-0.03419748867062598,-0.03419748867062599,0.0,-0.03419748867062598,0.0,0.0],[-0.019580985912057383,-0.02599815957786444,0.0,0.0,0.0,0.0,-0.031706786764149966,-0.013872358725771855,0.0,0.0,-0.04557914548992183,0.0,0.0,-0.017098744335312985,0.9886052136275195,-0.022584347289420836,-0.025021547286654438,-0.02721292854065624,-0.02320029635944444,-0.03737889600076801,-0.02278957274496091,-0.022789572744960913,-0.02278957274496091,-0.022789572744960913,0.0,-0.022789572744960917,0.0,0.0],[-0.13591753698843764,0.04558014783075429,0.0,0.0,0.0,0.0,-0.0573820810976744,-0.03295530806000895,0.0,0.0,-0.09033738915768334,0.0,0.0,-0.029985967874571643,-0.022584347289420836,0.9343115157047515,-0.05441771477461978,-0.060757335111256514,-0.04100888163552748,-0.07640084291577541,-0.04516869457884168,-0.045168694578841685,-0.045168694578841685,-0.04516869457884169,0.0,-0.045168694578841685,0.0,0.0],[-0.060402670512576515,-0.03968351863404124,0.0,0.0,0.0,0.0,-0.05955724511306956,-0.04052894403354825,0.0,0.0,-0.1000861891466178,0.0,0.0,-0.02777161050957294,-0.025021547286654438,-0.05441771477461978,0.9387223479399391,-0.06287521557271353,-0.05526833848260863,-0.08307680596695687,-0.0500430945733089,-0.05004309457330889,-0.050043094573308876,-0.050043094573308876,0.0,-0.0500430945733089,0.0,0.0],[-0.07711429611715544,-0.031737418045469534,0.0,0.0,0.0,0.0,-0.0762753417971072,-0.032576372365517775,0.0,0.0,-0.10885171416262499,0.0,0.0,-0.034219651160560895,-0.02721292854065624,-0.060757335111256514,-0.06287521557271353,0.9321228521771451,-0.055929466846910886,-0.08984465908609106,-0.054425857081312486,-0.054425857081312486,-0.05442585708131247,-0.05442585708131247,0.0,-0.05442585708131248,0.0,0.0],[-0.011146833220099121,-0.08165435221767861,0.0,0.0,0.0,0.0,-0.06295577716448506,-0.029845408273292708,0.0,0.0,-0.09280118543777774,0.0,0.0,-0.019618309703311094,-0.02320029635944444,-0.04100888163552748,-0.05526833848260863,-0.055929466846910886,0.944306270691843,-0.07514712153049118,-0.046400592718888876,-0.04640059271888888,-0.04640059271888887,-0.046400592718888876,0.0,-0.04640059271888887,0.0,0.0],[-0.07464140772954796,-0.07487417627352412,0.0,0.0,0.0,0.0,-0.09773607469435995,-0.051779509308712085,0.0,0.0,-0.14951558400307205,0.0,0.0,-0.058992833685608724,-0.03737889600076801,-0.07640084291577541,-0.08307680596695687,-0.08984465908609106,-0.07514712153049118,0.876564649486927,-0.07475779200153604,-0.07475779200153604,-0.07475779200153604,-0.07475779200153602,0.0,-0.07475779200153602,0.0,0.0],[-0.03916197182411479,-0.051996319155728866,0.0,0.0,0.0,0.0,-0.06341357352829992,-0.02774471745154372,0.0,0.0,-0.09115829097984365,0.0,0.0,-0.03419748867062598,-0.02278957274496091,-0.04516869457884168,-0.0500430945733089,-0.054425857081312486,-0.046400592718888876,-0.07475779200153604,0.9544208545100782,-0.04557914548992181,-0.04557914548992181,-0.04557914548992183,0.0,-0.04557914548992182,0.0,0.0],[-0.03916197182411479,-0.05199631915572883,0.0,0.0,0.0,0.0,-0.0634135735282999,-0.02774471745154373,0.0,0.0,-0.09115829097984365,0.0,0.0,-0.034197488670626,-0.022789572744960913,-0.045168694578841685,-0.05004309457330889,-0.054425857081312486,-0.04640059271888888,-0.07475779200153604,-0.04557914548992181,0.9544208545100782,-0.04557914548992182,-0.04557914548992183,0.0,-0.04557914548992181,0.0,0.0],[-0.03916197182411481,-0.05199631915572887,0.0,0.0,0.0,0.0,-0.06341357352829988,-0.027744717451543763,0.0,0.0,-0.09115829097984365,0.0,0.0,-0.03419748867062598,-0.02278957274496091,-0.045168694578841685,-0.050043094573308876,-0.05442585708131247,-0.04640059271888887,-0.07475779200153604,-0.04557914548992181,-0.04557914548992182,0.9544208545100782,-0.04557914548992183,0.0,-0.04557914548992182,0.0,0.0],[-0.0391619718241148,-0.051996319155728846,0.0,0.0,0.0,0.0,-0.06341357352829988,-0.02774471745154377,0.0,0.0,-0.09115829097984365,0.0,0.0,-0.03419748867062599,-0.022789572744960913,-0.04516869457884169,-0.050043094573308876,-0.05442585708131247,-0.046400592718888876,-0.07475779200153602,-0.04557914548992183,-0.04557914548992183,-0.04557914548992183,0.9544208545100782,0.0,-0.04557914548992182,0.0,0.0],[0.0,0.0,0.0,0.0,0.0,0.0,0.0,0.0,0.0,0.0,0.0,0.0,0.0,0.0,0.0,0.0,0.0,0.0,0.0,0.0,0.0,0.0,0.0,0.0,1.0,0.0,0.0,0.0],[-0.03916197182411479,-0.05199631915572887,0.0,0.0,0.0,0.0,-0.06341357352829988,-0.02774471745154378,0.0,0.0,-0.09115829097984367,0.0,0.0,-0.03419748867062598,-0.022789572744960917,-0.045168694578841685,-0.0500430945733089,-0.05442585708131248,-0.04640059271888887,-0.07475779200153602,-0.04557914548992182,-0.04557914548992181,-0.04557914548992182,-0.04557914548992182,0.0,0.9544208545100782,0.0,0.0],[0.0,0.0,0.0,0.0,0.0,0.0,0.0,0.0,0.0,0.0,0.0,0.0,0.0,0.0,0.0,0.0,0.0,0.0,0.0,0.0,0.0,0.0,0.0,0.0,0.0,0.0,1.0,0.0],[0.0,0.0,0.0,0.0,0.0,0.0,0.0,0.0,0.0,0.0,0.0,0.0,0.0,0.0,0.0,0.0,0.0,0.0,0.0,0.0,0.0,0.0,0.0,0.0,0.0,0.0,0.0,1.0]],"b":[15.119919999999999,5.948759999999999,0.0,0.0,0.0,0.0,20.611959999999996,0.45672,0.0,0.0,21.068679999999997,0.0,0.0,6.740104000000001,5.267169999999999,11.5865096,11.692992388,12.997853812,10.392820079999998,17.31865914,10.534339999999998,10.534339999999998,10.534339999999998,10.534339999999998,0.0,10.534339999999998,0.0,0.0],"n_updates":37},"restaurant_low":{"A_inv":[[1.0,0.0,0.0,0.0,0.0,0.0,0.0,0.0,0.0,0.0,0.0,0.0,0.0,0.0,0.0,0.0,0.0,0.0,0.0,0.0,0.0,0.0,0.0,0.0,0.0,0.0,0.0,0.0],[0.0,0.8574251713428197,0.0,0.0,0.0,0.0,-0.14257482865718035,0.0,0.0,0.0,-0.06978029859631352,-0.07279453006086681,0.0,-0.04509845855036454,-0.03564370716429509,-0.06112338145855663,-0.1330712815793485,-0.09872256433246258,-0.097634594520653,-0.13756951826367442,-0.07128741432859018,-0.07128741432859018,-0.07128741432859016,-0.07128741432859016,0.0,-0.07128741432859016,0.0,0.0],[0.0,0.0,1.0,0.0,0.0,0.0,0.0,0.0,0.0,0.0,0.0,0.0,0.0,0.0,0.0,0.0,0.0,0.0,0.0,0.0,0.0,0.0,0.0,0.0,0.0,0.0,0.0,0.0],[0.0,0.0,0.0,1.0,0.0,0.0,0.0,0.0,0.0,0.0,0.0,0.0,0.0,0.0,0.0,0.0,0.0,0.0,0.0,0.0,0.0,0.0,0.0,0.0,0.0,0.0,0.0,0.0],[0.0,0.0,0.0,0.0,1.0,0.0,0.0,0.0,0.0,0.0,0.0,0.0,0.0,0.0,0.0,0.0,0.0,0.0,0.0,0.0,0.0,0.0,0.0,0.0,0.0,0.0,0.0,0.0],[0.0,0.0,0.0,0.0,0.0,1.0,0.0,0.0,0.0,0.0,0.0,0.0,0.0,0.0,0.0,0.0,0.0,0.0,0.0,0.0,0.0,0.0,0.0,0.0,0.0,0.0,0.0,0.0],[0.0,-0.14257482865718035,0.0,0.0,0.0,0.0,0.8574251713428197,0.0,0.0,0.0,-0.06978029859631352,-0.07279453006086681,0.0,-0.04509845855036454,-0.03564370716429509,-0.06112338145855663,-0.1330712815793485,-0.09872256433246258,-0.097634594520653,-0.13756951826367442,-0.07128741432859018,-0.07128741432859018,-0.07128741432859016,-0.07128741432859016,0.0,-0.07128741432859016,0.0,0.0],[0.0,0.0,0.0,0.0,0.0,0.0,0.0,1.0,0.0,0.0,0.0,0.0,0.0,0.0,0.0,0.0,0.0,0.0,0.0,0.0,0.0,0.0,0.0,0.0,0.0,0.0,0.0,0.0],[0.0,0.0,0.0,0.0,0.0,0.0,0.0,0.0,1.0,0.0,0.0,0.0,0.0,0.0,0.0,0.0,0.0,0.0,0.0,0.0,0.0,0.0,0.0,0.0,0.0,0.0,0.0,0.0],[0.0,0.0,0.0,0.0,0.0,0.0,0.0,0.0,0.0,1.0,0.0,0.0,0.0,0.0,0.0,0.0,0.0,0.0,0.0,0.0,0.0,0.0,0.0,0.0,0.0,0.0,0.0,0.0],[0.0,-0.06978029859631352,0.0,0.0,0.0,0.0,-0.06978029859631352,0.0,0.0,0.0,0.5911925444837273,0.33902715691995905,0.0,-0.03456100476276981,-0.017445074649078386,-0.031301797056176445,-0.0582727989313585,-0.0527011782756289,-0.046174215047087803,-0.07819554608548716,-0.03489014929815676,-0.03489014929815676,-0.03489014929815677,-0.03489014929815678,0.0,-0.034890149298156786,0.0,0.0],[0.0,-0.07279453006086681,0.0,0.0,0.0,0.0,-0.07279453006086681,0.0,0.0,0.0,0.33902715691995905,0.5881783130191742,0.0,-0.010537453787594733,-0.018198632515216695,-0.029821584402380186,-0.07479848264799,-0.04602138605683368,-0.05146037947356521,-0.05937397217818724,-0.036397265030433404,-0.0363972650304334,-0.03639726503043338,-0.03639726503043338,0.0,-0.036397265030433376,0.0,0.0],[0.0,0.0,0.0,0.0,0.0,0.0,0.0,0.0,0.0,0.0,0.0,0.0,1.0,0.0,0.0,0.0,0.0,0.0,0.0,0.0,0.0,0.0,0.0,0.0,0.0,0.0,0.0,0.0],[0.0,-0.04509845855036454,0.0,0.0,0.0,0.0,-0.04509845855036454,0.0,0.0,0.0,-0.03456100476276981,-0.010537453787594733,0.0,0.9853184289427983,-0.011274614637591135,-0.019380407672772874,-0.04186381110484983,-0.03137347524225975,-0.030829518857765494,-0.04387737368195191,-0.022549229275182273,-0.022549229275182273,-0.022549229275182277,-0.022549229275182277,0.0,-0.02254922927518228,0.0,0.0],[0.0,-0.03564370716429509,0.0,0.0,0.0,0.0,-0.03564370716429509,0.0,0.0,0.0,-0.017445074649078386,-0.018198632515216695,0.0,-0.011274614637591135,0.9910890732089263,-0.015280845364639157,-0.033267820394837125,-0.024680641083115643,-0.02440864863016325,-0.034392379565918604,-0.01782185358214754,-0.01782185358214754,-0.01782185358214754,-0.01782185358214754,0.0,-0.01782185358214754,0.0,0.0],[0.0,-0.06112338145855663,0.0,0.0,0.0,0.0,-0.06112338145855663,0.0,0.0,0.0,-0.031301797056176445,-0.029821584402380186,0.0,-0.019380407672772874,-0.015280845364639157,0.9737906118062342,-0.05702373946226989,-0.0423396570731481,-0.04185105299654098,-0.05901775086727891,-0.030561690729278317,-0.03056169072927832,-0.030561690729278317,-0.030561690729278317,0.0,-0.030561690729278317,0.0,0.0],[0.0,-0.1330712815793485,0.0,0.0,0.0,0.0,-0.1330712815793485,0.0,0.0,0.0,-0.0582727989313585,-0.07479848264799,0.0,-0.04186381110484983,-0.033267820394837125,-0.05702373946226989,0.8756733235882238,-0.09206184080803549,-0.09115609028144962,-0.128200778566496,-0.06653564078967425,-0.06653564078967425,-0.06653564078967425,-0.06653564078967425,0.0,-0.06653564078967424,0.0,0.0],[0.0,-0.09872256433246258,0.0,0.0,0.0,0.0,-0.09872256433246258,0.0,0.0,0.0,-0.0527011782756289,-0.04602138605683368,0.0,-0.03137347524225975,-0.024680641083115643,-0.0423396570731481,-0.09206184080803549,0.9315906112870731,-0.06758591437338335,-0.09538387608086545,-0.0493612821662313,-0.0493612821662313,-0.049361282166231306,-0.0493612821662313,0.0,-0.0493612821662313,0.0,0.0],[0.0,-0.097634594520653,0.0,0.0,0.0,0.0,-0.097634594520653,0.0,0.0,0.0,-0.046174215047087803,-0.05146037947356521,0.0,-0.030829518857765494,-0.02440864863016325,-0.04185105299654098,-0.09115609028144962,-0.06758591437338335,0.9331333461484659,-0.09416026124715036,-0.048817297260326506,-0.04881729726032651,-0.04881729726032652,-0.04881729726032651,0.0,-0.04881729726032651,0.0,0.0],[0.0,-0.13756951826367442,0.0,0.0,0.0,0.0,-0.13756951826367442,0.0,0.0,0.0,-0.07819554608548716,-0.05937397217818724,0.0,-0.04387737368195191,-0.034392379565918604,-0.05901775086727891,-0.128200778566496,-0.09538387608086545,-0.09416026124715036,0.8669449881502456,-0.06878475913183721,-0.06878475913183721,-0.06878475913183721,-0.06878475913183721,0.0,-0.06878475913183721,0.0,0.0],[0.0,-0.07128741432859018,0.0,0.0,0.0,0.0,-0.07128741432859018,0.0,0.0,0.0,-0.03489014929815676,-0.036397265030433404,0.0,-0.022549229275182273,-0.01782185358214754,-0.030561690729278317,-0.06653564078967425,-0.0493612821662313,-0.048817297260326506,-0.06878475913183721,0.964356292835705,-0.03564370716429508,-0.03564370716429508,-0.03564370716429508,0.0,-0.03564370716429508,0.0,0.0],[0.0,-0.07128741432859018,0.0,0.0,0.0,0.0,-0.07128741432859018,0.0,0.0,0.0,-0.03489014929815676,-0.0363972650304334,0.0,-0.022549229275182273,-0.01782185358214754,-0.03056169072927832,-0.06653564078967425,-0.0493612821662313,-0.04881729726032651,-0.06878475913183721,-0.03564370716429508,0.964356292835705,-0.03564370716429508,-0.03564370716429508,0.0,-0.03564370716429509,0.0,0.0],[0.0,-0.071287414328590